Metric: | MAE	| NMAE	| RMSE	| MRE	| NPRE	
==========================================
UMEAN
Avg:	1.2344	0.9453	2.3475	1.6427	9.8995
Std:	0.0070	0.0061	0.0038	0.0373	0.1668
==========================================
IMEAN
Avg:	1.1748	0.8997	2.2820	0.8651	7.1581
Std:	0.0074	0.0062	0.0098	0.0066	0.1305
==========================================
UPCC
Avg:	0.9660	0.7398	1.9315	0.7726	6.7332
Std:	0.0090	0.0071	0.0118	0.0108	0.1342
==========================================
IPCC
Avg:	1.0552	0.8081	2.0589	0.7693	6.3563
Std:	0.0082	0.0064	0.0123	0.0048	0.1011
==========================================
UIPCC
Avg:	0.9604	0.7355	1.9233	0.7615	6.5724
Std:	0.0085	0.0068	0.0115	0.0107	0.1179
==========================================


Detailed results for 20 rounds:
==========================================
UMEAN
==========================================
1.2253	0.9383	2.3482	1.6155	9.7628
1.2321	0.9433	2.3514	1.6100	9.8603
1.2256	0.9391	2.3436	1.6300	9.7789
1.2236	0.9343	2.3519	1.5880	9.6149
1.2359	0.9458	2.3470	1.6510	9.9085
1.2283	0.9393	2.3550	1.5981	9.7124
1.2401	0.9486	2.3534	1.6419	9.9688
1.2389	0.9480	2.3494	1.6348	9.9055
1.2383	0.9500	2.3451	1.6807	10.0806
1.2231	0.9356	2.3505	1.5729	9.5430
1.2397	0.9513	2.3436	1.6672	9.9603
1.2378	0.9482	2.3464	1.6468	10.1260
1.2442	0.9558	2.3419	1.7131	10.1658
1.2437	0.9533	2.3446	1.6890	10.0177
1.2285	0.9411	2.3442	1.6238	9.8904
1.2291	0.9428	2.3415	1.6476	9.9384
1.2461	0.9537	2.3457	1.7101	10.1051
1.2362	0.9464	2.3467	1.6538	9.8681
1.2393	0.9498	2.3477	1.6673	10.0583
1.2314	0.9416	2.3517	1.6115	9.7232


IMEAN
==========================================
1.1776	0.9018	2.2813	0.8744	7.3491
1.1711	0.8966	2.2767	0.8607	7.1309
1.1758	0.9010	2.2912	0.8678	7.2033
1.1661	0.8903	2.2811	0.8576	6.8576
1.1709	0.8961	2.2762	0.8567	7.1070
1.1629	0.8893	2.2720	0.8528	7.0100
1.1850	0.9065	2.2919	0.8711	7.3515
1.1763	0.9001	2.2995	0.8632	7.1299
1.1767	0.9027	2.2776	0.8644	7.2172
1.1727	0.8969	2.2780	0.8688	7.1395
1.1805	0.9059	2.2951	0.8578	7.1944
1.1727	0.8983	2.2707	0.8756	7.1859
1.1713	0.8999	2.2676	0.8695	7.2488
1.1937	0.9150	2.2963	0.8771	7.3365
1.1636	0.8914	2.2721	0.8594	6.9534
1.1773	0.9031	2.2738	0.8700	7.2129
1.1714	0.8966	2.2823	0.8617	7.0592
1.1858	0.9078	2.3002	0.8619	7.2322
1.1765	0.9017	2.2772	0.8697	7.2621
1.1672	0.8925	2.2792	0.8624	6.9809


UPCC
==========================================
0.9524	0.7293	1.9203	0.7517	6.6022
0.9595	0.7346	1.9230	0.7846	6.5903
0.9625	0.7376	1.9330	0.7631	6.6445
0.9595	0.7326	1.9302	0.7635	6.6202
0.9628	0.7368	1.9194	0.7646	6.6515
0.9559	0.7310	1.9273	0.7631	6.5890
0.9790	0.7488	1.9489	0.7897	6.8894
0.9807	0.7505	1.9589	0.7842	6.9520
0.9666	0.7416	1.9345	0.7737	6.7730
0.9597	0.7341	1.9193	0.7715	6.6255
0.9817	0.7533	1.9447	0.7910	6.9901
0.9654	0.7395	1.9281	0.7881	6.6226
0.9575	0.7356	1.9176	0.7656	6.7464
0.9844	0.7545	1.9511	0.7840	6.9922
0.9587	0.7344	1.9181	0.7756	6.5883
0.9672	0.7419	1.9262	0.7728	6.6933
0.9663	0.7396	1.9288	0.7644	6.7941
0.9743	0.7459	1.9424	0.7735	6.8628
0.9639	0.7387	1.9227	0.7654	6.7240
0.9626	0.7360	1.9363	0.7622	6.7120


IPCC
==========================================
1.0519	0.8055	2.0531	0.7716	6.4237
1.0527	0.8060	2.0560	0.7662	6.3591
1.0498	0.8044	2.0632	0.7662	6.2749
1.0512	0.8026	2.0603	0.7619	6.1983
1.0577	0.8094	2.0527	0.7697	6.4195
1.0449	0.7990	2.0508	0.7606	6.2719
1.0629	0.8131	2.0725	0.7705	6.4368
1.0624	0.8130	2.0835	0.7652	6.3682
1.0555	0.8098	2.0578	0.7720	6.3772
1.0504	0.8035	2.0547	0.7684	6.3072
1.0584	0.8122	2.0702	0.7700	6.3641
1.0534	0.8069	2.0467	0.7766	6.3322
1.0448	0.8027	2.0362	0.7725	6.3243
1.0755	0.8244	2.0775	0.7819	6.5365
1.0438	0.7996	2.0431	0.7653	6.1335
1.0567	0.8106	2.0470	0.7724	6.4314
1.0584	0.8101	2.0666	0.7679	6.3873
1.0727	0.8212	2.0778	0.7718	6.5711
1.0508	0.8053	2.0491	0.7707	6.3585
1.0505	0.8032	2.0597	0.7645	6.2510


UIPCC
==========================================
0.9489	0.7266	1.9129	0.7426	6.4644
0.9547	0.7309	1.9155	0.7728	6.4705
0.9571	0.7334	1.9262	0.7511	6.4941
0.9548	0.7290	1.9232	0.7495	6.4415
0.9587	0.7336	1.9125	0.7537	6.5200
0.9503	0.7267	1.9187	0.7500	6.4691
0.9714	0.7431	1.9390	0.7775	6.6949
0.9738	0.7452	1.9501	0.7706	6.7298
0.9610	0.7373	1.9258	0.7648	6.6251
0.9540	0.7297	1.9121	0.7585	6.4635
0.9741	0.7475	1.9370	0.7798	6.7672
0.9591	0.7346	1.9179	0.7776	6.4555
0.9512	0.7308	1.9079	0.7569	6.5682
0.9785	0.7500	1.9410	0.7744	6.8144
0.9524	0.7296	1.9102	0.7640	6.4170
0.9618	0.7378	1.9169	0.7621	6.6168
0.9613	0.7358	1.9215	0.7559	6.6309
0.9708	0.7432	1.9350	0.7639	6.7228
0.9577	0.7340	1.9144	0.7546	6.5584
0.9567	0.7315	1.9276	0.7497	6.5231


