Metric: | MAE	| NMAE	| RMSE	| MRE	| NPRE	
==========================================
UMEAN
Avg:	15.3152	1.3516	56.7825	4.1896	31.2112
Std:	0.0212	0.0079	1.2222	0.0453	0.2916
==========================================
IMEAN
Avg:	7.6105	0.6716	43.8051	0.5679	6.4303
Std:	0.0407	0.0037	1.3477	0.0020	0.0346
==========================================
UPCC
Avg:	8.0698	0.7122	38.3011	1.3590	17.8609
Std:	0.0720	0.0090	1.6303	0.0645	0.3650
==========================================
IPCC
Avg:	8.3164	0.7339	41.5914	0.6670	8.8887
Std:	0.0991	0.0082	1.7249	0.0049	0.1180
==========================================
UIPCC
Avg:	7.8169	0.6898	39.1618	1.1691	13.7383
Std:	0.0624	0.0062	1.8093	0.0291	0.1495
==========================================


Detailed results for 20 rounds:
==========================================
UMEAN
==========================================
15.3134	1.3606	53.6570	4.2047	31.5948
15.2964	1.3529	56.7828	4.1725	31.0282
15.3176	1.3471	57.4841	4.1828	31.4099
15.2689	1.3367	57.0376	4.1270	30.9254
15.2820	1.3380	55.3602	4.1342	31.0797
15.3005	1.3543	56.5341	4.1735	31.0248
15.3175	1.3438	56.8055	4.1039	30.7488
15.3046	1.3535	57.5666	4.2404	31.1414
15.3226	1.3577	55.2097	4.1972	31.0662
15.3108	1.3576	57.3804	4.2295	31.2928
15.3267	1.3484	58.6265	4.1758	30.7545
15.3275	1.3428	59.1562	4.1617	31.0625
15.2770	1.3402	57.9345	4.1113	30.7653
15.3333	1.3614	56.4421	4.2646	31.7391
15.3339	1.3507	56.9643	4.2207	31.3687
15.3270	1.3551	57.0905	4.2090	31.3969
15.3573	1.3656	57.2001	4.2361	31.4351
15.3233	1.3538	56.6606	4.1886	31.5892
15.3350	1.3592	54.9879	4.2632	31.5849
15.3280	1.3523	56.7699	4.1948	31.2160


IMEAN
==========================================
7.5332	0.6693	40.3747	0.5700	6.3772
7.5702	0.6696	43.8868	0.5677	6.4166
7.5771	0.6664	44.4234	0.5643	6.4184
7.7050	0.6745	44.4647	0.5663	6.4323
7.6328	0.6683	41.9728	0.5679	6.4277
7.6596	0.6780	44.1070	0.5654	6.3849
7.6014	0.6669	43.5335	0.5686	6.3973
7.6927	0.6803	45.0780	0.5723	6.4586
7.6081	0.6741	42.0599	0.5682	6.4118
7.6077	0.6746	44.5456	0.5664	6.4320
7.5956	0.6682	45.4900	0.5658	6.4364
7.6162	0.6673	46.0592	0.5688	6.3950
7.6272	0.6691	44.8322	0.5660	6.4616
7.5824	0.6732	43.5954	0.5698	6.4550
7.6011	0.6696	43.8210	0.5658	6.3956
7.5945	0.6714	44.0868	0.5675	6.4126
7.5767	0.6738	44.3849	0.5689	6.4322
7.6525	0.6761	44.1847	0.5670	6.4656
7.5787	0.6717	41.4792	0.5706	6.4672
7.5980	0.6703	43.7223	0.5700	6.5275


UPCC
==========================================
8.0691	0.7169	34.3654	1.2933	17.9679
8.0647	0.7133	38.2785	1.3693	17.7004
8.0220	0.7055	39.1663	1.3537	18.1418
8.0764	0.7070	38.8900	1.3140	17.5425
7.9051	0.6921	35.5197	1.2764	17.5353
8.1872	0.7247	38.5714	1.3812	18.1261
7.9422	0.6968	38.0354	1.2029	16.9881
8.1704	0.7226	39.5959	1.4714	18.3455
8.1914	0.7258	36.5142	1.4014	18.1806
8.0800	0.7164	39.8349	1.3835	17.8722
8.0122	0.7049	40.3092	1.3564	17.7272
8.0483	0.7051	41.3070	1.4016	17.4695
8.0410	0.7054	38.9021	1.3379	17.6180
8.0924	0.7185	38.1293	1.3687	17.8856
8.0007	0.7048	37.9180	1.3189	17.7670
8.0439	0.7112	38.9471	1.3712	17.8504
8.1372	0.7236	38.7316	1.5031	17.9048
8.1212	0.7175	38.5189	1.4156	18.2118
8.0890	0.7169	35.6661	1.3398	18.7337
8.1023	0.7148	38.8218	1.3191	17.6495


IPCC
==========================================
8.3067	0.7380	38.1716	0.6635	8.8600
8.2939	0.7336	42.1359	0.6696	8.9425
8.1868	0.7200	42.2764	0.6652	8.7947
8.4592	0.7406	42.3906	0.6685	9.0380
8.3839	0.7340	39.5391	0.6696	8.9825
8.2356	0.7290	41.7974	0.6583	8.7400
8.4697	0.7431	41.8802	0.6722	9.0211
8.4680	0.7489	44.0994	0.6631	8.8006
8.3523	0.7401	39.2574	0.6624	8.9473
8.3181	0.7376	42.5431	0.6664	8.7021
8.1745	0.7192	43.7737	0.6611	8.7187
8.4068	0.7365	45.1501	0.6688	8.9938
8.3494	0.7325	41.6279	0.6730	9.0511
8.3133	0.7381	40.1045	0.6666	8.9785
8.1350	0.7166	41.6368	0.6600	8.6573
8.3944	0.7421	42.3931	0.6731	8.9980
8.1839	0.7277	41.9524	0.6658	8.8111
8.3497	0.7377	41.4756	0.6733	8.9268
8.2059	0.7273	38.6587	0.6631	8.8784
8.3418	0.7359	40.9630	0.6765	8.9309


UIPCC
==========================================
7.8028	0.6933	35.0592	1.1470	13.8323
7.8035	0.6902	39.5822	1.1909	13.6713
7.7157	0.6786	39.9930	1.1627	13.7680
7.9028	0.6918	39.8008	1.1472	13.6048
7.8085	0.6836	36.6526	1.1212	13.5929
7.8111	0.6914	39.4993	1.1650	13.8299
7.8580	0.6894	39.1141	1.1115	13.5307
7.9528	0.7033	41.2892	1.2095	13.8319
7.8713	0.6974	36.8009	1.1962	13.9649
7.8198	0.6934	40.4153	1.1782	13.6001
7.7371	0.6807	41.5785	1.1405	13.5071
7.8657	0.6891	42.7083	1.1924	13.7114
7.8237	0.6863	39.4946	1.1827	13.7874
7.8334	0.6955	38.2608	1.1773	13.8830
7.6841	0.6769	39.1299	1.1370	13.5532
7.8466	0.6937	39.9186	1.1789	13.8249
7.7638	0.6904	39.6564	1.2243	13.7319
7.8545	0.6939	39.1994	1.2048	13.9426
7.7492	0.6868	36.1509	1.1622	14.0166
7.8326	0.6910	38.9323	1.1526	13.5814


