Metric: | MAE	| NMAE	| RMSE	| MRE	| NPRE	
==========================================
UMEAN
Avg:	15.3082	1.3512	56.6722	4.1982	31.1964
Std:	0.0189	0.0069	1.4047	0.0378	0.2632
==========================================
IMEAN
Avg:	7.5718	0.6683	43.5558	0.5677	6.4232
Std:	0.0481	0.0038	1.5337	0.0016	0.0290
==========================================
UPCC
Avg:	7.8335	0.6915	37.2253	1.2909	17.8330
Std:	0.0745	0.0086	1.6539	0.0553	0.3519
==========================================
IPCC
Avg:	7.8990	0.6972	39.4939	0.6305	8.1502
Std:	0.0945	0.0077	1.9159	0.0064	0.1072
==========================================
UIPCC
Avg:	7.4414	0.6568	37.2379	1.0950	13.2790
Std:	0.0700	0.0064	1.9619	0.0313	0.1554
==========================================


Detailed results for 20 rounds:
==========================================
UMEAN
==========================================
15.2738	1.3596	52.7969	4.2003	31.5775
15.2879	1.3440	57.9340	4.1604	30.7579
15.3268	1.3518	55.4961	4.2172	31.3258
15.2925	1.3433	56.8623	4.1589	31.0787
15.3040	1.3409	55.6952	4.1619	31.0968
15.2855	1.3559	55.6663	4.1911	31.1522
15.3360	1.3401	56.9984	4.1221	30.8275
15.3044	1.3564	58.4205	4.2612	31.3932
15.2981	1.3531	55.9201	4.1897	30.9554
15.2891	1.3614	56.5890	4.2443	31.4545
15.3308	1.3519	58.7810	4.2266	30.9535
15.3432	1.3427	58.3622	4.1664	31.2219
15.2987	1.3409	58.4291	4.1271	30.8178
15.2916	1.3583	56.6613	4.2422	31.4151
15.3355	1.3486	57.7506	4.2095	30.9965
15.3079	1.3560	56.2629	4.2261	31.3239
15.3246	1.3596	56.5377	4.2180	31.3431
15.3131	1.3568	55.5022	4.2163	31.7064
15.3109	1.3555	55.2788	4.2347	31.4980
15.3100	1.3476	57.5003	4.1897	31.0327


IMEAN
==========================================
7.4500	0.6632	39.3323	0.5677	6.3935
7.5788	0.6663	44.9879	0.5685	6.4207
7.5104	0.6624	41.8618	0.5653	6.4231
7.6564	0.6725	44.2501	0.5673	6.4102
7.6394	0.6694	42.4828	0.5665	6.4271
7.5834	0.6727	43.0786	0.5658	6.3976
7.5655	0.6611	43.2921	0.5684	6.3885
7.6157	0.6750	45.8465	0.5702	6.4253
7.5641	0.6690	42.4878	0.5691	6.4202
7.5286	0.6704	43.2892	0.5665	6.4162
7.5377	0.6647	45.6268	0.5647	6.4662
7.6148	0.6664	45.1793	0.5694	6.3790
7.6138	0.6673	45.3980	0.5661	6.4682
7.5568	0.6712	43.7132	0.5696	6.4770
7.6055	0.6688	44.6683	0.5664	6.3868
7.5039	0.6647	42.9748	0.5662	6.3946
7.5766	0.6722	43.7531	0.5689	6.4236
7.5962	0.6730	42.7605	0.5687	6.4683
7.5533	0.6687	41.8780	0.5691	6.4253
7.5845	0.6676	44.2556	0.5700	6.4531


UPCC
==========================================
7.8815	0.7016	33.4764	1.2886	18.1772
7.8245	0.6879	38.8190	1.3025	17.3933
7.7266	0.6815	34.9286	1.2594	18.0903
7.9139	0.6951	38.4044	1.2771	17.7224
7.7340	0.6777	35.5021	1.2107	17.6816
7.8899	0.6999	36.7467	1.2866	18.0496
7.7824	0.6800	37.1336	1.1683	17.2895
7.9362	0.7034	40.3140	1.3932	18.3699
7.8781	0.6968	35.9583	1.3155	18.0468
7.7550	0.6906	36.8863	1.3004	17.7608
7.7030	0.6792	38.9918	1.2862	17.7390
7.7089	0.6746	38.9363	1.2603	16.9899
7.8891	0.6915	38.8948	1.3313	17.4845
7.8249	0.6951	37.1652	1.3092	17.7762
7.8682	0.6919	38.1759	1.2919	17.8413
7.8787	0.6979	36.6752	1.3374	18.0315
7.8865	0.6997	37.6393	1.3532	17.8632
7.9302	0.7026	36.1482	1.3873	18.3010
7.7775	0.6885	35.2228	1.2030	18.3458
7.8807	0.6937	38.4869	1.2556	17.7067


IPCC
==========================================
7.8747	0.7010	37.4803	0.6224	8.0977
7.9733	0.7010	41.4699	0.6398	8.2170
7.7316	0.6819	35.9936	0.6304	8.1728
7.9671	0.6998	41.2420	0.6276	8.0959
7.9751	0.6988	38.2125	0.6316	8.1990
7.8105	0.6928	38.5375	0.6194	8.0781
8.0051	0.6995	39.6910	0.6331	8.2384
7.9500	0.7046	43.4127	0.6248	7.9749
7.8083	0.6906	37.4574	0.6223	8.0175
7.8738	0.7011	38.9186	0.6275	8.1668
7.6787	0.6771	41.4046	0.6248	7.9761
8.0543	0.7048	42.6869	0.6413	8.2516
7.9672	0.6983	40.6937	0.6365	8.2716
7.9460	0.7058	38.5490	0.6314	8.3178
7.8693	0.6920	40.6184	0.6299	7.9914
7.8968	0.6995	38.1213	0.6364	8.2692
7.9856	0.7085	39.9838	0.6391	8.1900
7.9008	0.7000	37.4671	0.6377	8.2890
7.7787	0.6887	37.6472	0.6215	8.0422
7.9324	0.6982	40.2902	0.6315	8.1465


UIPCC
==========================================
7.4364	0.6620	33.7305	1.0897	13.4652
7.4933	0.6588	39.2590	1.1222	13.1701
7.2918	0.6431	34.0580	1.0778	13.3956
7.5205	0.6606	38.7969	1.0823	13.1495
7.4569	0.6534	35.7390	1.0499	13.1669
7.4000	0.6564	36.3962	1.0757	13.3612
7.4867	0.6542	37.1428	1.0445	13.0600
7.5188	0.6664	41.1006	1.1266	13.3759
7.3964	0.6542	35.4139	1.1076	13.2931
7.3848	0.6576	36.8313	1.0960	13.3370
7.2828	0.6422	39.4262	1.0563	13.1004
7.4948	0.6559	40.1028	1.0921	12.9638
7.5042	0.6577	38.7896	1.1333	13.1690
7.4826	0.6646	36.7746	1.1070	13.3410
7.4389	0.6542	38.4262	1.0977	13.1707
7.4398	0.6590	36.1379	1.1347	13.4818
7.5126	0.6665	37.7005	1.1341	13.3985
7.4821	0.6629	35.5401	1.1532	13.5390
7.3391	0.6497	35.1542	1.0504	13.4628
7.4648	0.6570	38.2368	1.0695	13.1778


