Metric: | MAE	| NMAE	| RMSE	| MRE	| NPRE	
==========================================
UMEAN
Avg:	1.3091	0.9567	2.5801	1.7501	10.2734
Std:	0.0024	0.0032	0.0052	0.0175	0.0713
==========================================
IMEAN
Avg:	1.1588	0.8468	2.2961	1.1608	7.1547
Std:	0.0023	0.0030	0.0048	0.0129	0.0633
==========================================
UPCC
Avg:	0.8538	0.6239	1.8687	0.6289	5.0277
Std:	0.0035	0.0031	0.0062	0.0077	0.0958
==========================================
IPCC
Avg:	0.9787	0.7152	2.0006	0.7809	6.0296
Std:	0.0067	0.0055	0.0048	0.0065	0.1076
==========================================
UIPCC
Avg:	0.8544	0.6244	1.8677	0.6253	5.1269
Std:	0.0035	0.0032	0.0061	0.0084	0.0939
==========================================


Detailed results for 20 rounds:
==========================================
UMEAN
==========================================
1.3098	0.9576	2.5798	1.7554	10.2855
1.3095	0.9578	2.5801	1.7649	10.2492
1.3106	0.9557	2.5825	1.7602	10.3776
1.3108	0.9568	2.5801	1.7487	10.2778
1.3088	0.9572	2.5789	1.7490	10.3003
1.3106	0.9567	2.5861	1.7466	10.2463
1.3072	0.9546	2.5810	1.7361	10.2424
1.3090	0.9557	2.5808	1.7538	10.2726
1.3109	0.9587	2.5777	1.7644	10.2730
1.3067	0.9527	2.5847	1.7429	10.2680
1.3055	0.9542	2.5800	1.7345	10.1994
1.3123	0.9622	2.5762	1.7777	10.3885
1.3069	0.9535	2.5839	1.7281	10.1767
1.3102	0.9622	2.5689	1.7834	10.3048
1.3123	0.9616	2.5715	1.7637	10.3795
1.3040	0.9513	2.5829	1.7084	10.1568
1.3136	0.9605	2.5760	1.7651	10.3780
1.3069	0.9575	2.5754	1.7398	10.3241
1.3099	0.9556	2.5819	1.7499	10.2287
1.3068	0.9513	2.5939	1.7296	10.1389


IMEAN
==========================================
1.1618	0.8494	2.2925	1.1635	7.1333
1.1592	0.8479	2.2907	1.1686	7.2370
1.1568	0.8436	2.2989	1.1556	7.1173
1.1582	0.8454	2.2958	1.1455	7.1402
1.1608	0.8490	2.2983	1.1647	7.2101
1.1604	0.8470	2.2957	1.1682	7.1849
1.1588	0.8462	2.3001	1.1640	7.0749
1.1573	0.8450	2.2988	1.1565	7.1117
1.1567	0.8460	2.2939	1.1373	7.0550
1.1519	0.8398	2.3065	1.1350	7.0413
1.1597	0.8477	2.2962	1.1610	7.2336
1.1570	0.8483	2.2962	1.1496	7.1471
1.1587	0.8453	2.2917	1.1723	7.2065
1.1628	0.8539	2.2846	1.1762	7.2283
1.1596	0.8497	2.2981	1.1717	7.0886
1.1598	0.8461	2.2929	1.1685	7.2262
1.1613	0.8491	2.2950	1.1783	7.2457
1.1605	0.8502	2.2928	1.1820	7.1837
1.1571	0.8441	2.2975	1.1506	7.1062
1.1582	0.8431	2.3052	1.1477	7.1235


UPCC
==========================================
0.8553	0.6253	1.8679	0.6300	5.0950
0.8530	0.6239	1.8661	0.6289	5.0604
0.8539	0.6227	1.8712	0.6278	4.9779
0.8600	0.6277	1.8702	0.6335	5.2190
0.8575	0.6272	1.8806	0.6277	5.0572
0.8558	0.6247	1.8676	0.6299	5.1018
0.8546	0.6241	1.8708	0.6384	4.9739
0.8538	0.6234	1.8729	0.6310	4.9544
0.8535	0.6242	1.8631	0.6233	5.0987
0.8440	0.6153	1.8744	0.6142	4.8875
0.8466	0.6188	1.8628	0.6241	4.8712
0.8526	0.6251	1.8728	0.6307	4.9905
0.8538	0.6229	1.8562	0.6396	5.1772
0.8538	0.6270	1.8555	0.6297	4.9270
0.8581	0.6288	1.8702	0.6370	5.1402
0.8538	0.6228	1.8656	0.6373	5.0795
0.8568	0.6265	1.8663	0.6400	5.0774
0.8543	0.6259	1.8710	0.6243	4.9612
0.8529	0.6222	1.8692	0.6181	5.0128
0.8513	0.6197	1.8801	0.6122	4.8907


IPCC
==========================================
0.9848	0.7200	2.0011	0.7846	6.1281
0.9825	0.7187	1.9978	0.7882	6.1514
0.9777	0.7130	1.9972	0.7788	6.0277
0.9701	0.7081	1.9940	0.7712	5.8567
0.9819	0.7181	2.0065	0.7839	6.0510
0.9880	0.7212	2.0079	0.7865	6.1252
0.9809	0.7163	2.0073	0.7811	6.0008
0.9818	0.7169	2.0065	0.7788	6.0986
0.9855	0.7208	2.0029	0.7826	6.1005
0.9632	0.7022	1.9985	0.7678	5.7959
0.9760	0.7134	1.9962	0.7823	6.0353
0.9656	0.7079	1.9936	0.7722	5.8875
0.9825	0.7168	1.9971	0.7831	6.1615
0.9904	0.7274	1.9969	0.7951	6.2090
0.9779	0.7165	2.0044	0.7803	5.9757
0.9798	0.7148	1.9979	0.7850	6.0409
0.9797	0.7163	1.9968	0.7830	6.0874
0.9775	0.7162	2.0003	0.7872	6.0022
0.9754	0.7115	2.0000	0.7728	5.9779
0.9736	0.7087	2.0098	0.7734	5.8791


UIPCC
==========================================
0.8566	0.6263	1.8666	0.6272	5.1945
0.8539	0.6246	1.8639	0.6257	5.2065
0.8546	0.6232	1.8694	0.6269	5.0964
0.8581	0.6263	1.8683	0.6266	5.2397
0.8573	0.6270	1.8788	0.6198	5.1510
0.8574	0.6259	1.8675	0.6251	5.2017
0.8562	0.6252	1.8701	0.6381	5.0790
0.8551	0.6243	1.8719	0.6293	5.0656
0.8550	0.6253	1.8630	0.6167	5.2117
0.8437	0.6151	1.8732	0.6091	4.9541
0.8484	0.6201	1.8626	0.6196	4.9735
0.8511	0.6240	1.8708	0.6244	5.0520
0.8549	0.6237	1.8562	0.6356	5.3127
0.8570	0.6294	1.8549	0.6344	5.0802
0.8581	0.6288	1.8698	0.6332	5.2065
0.8540	0.6230	1.8641	0.6298	5.1587
0.8571	0.6267	1.8649	0.6378	5.1949
0.8545	0.6260	1.8697	0.6225	5.0693
0.8531	0.6223	1.8687	0.6162	5.1062
0.8516	0.6199	1.8801	0.6076	4.9828


