Metric: | MAE	| NMAE	| RMSE	| MRE	| NPRE	
==========================================
UMEAN
Avg:	1.1899	0.9231	2.2889	1.5691	9.3558
Std:	0.0056	0.0050	0.0046	0.0309	0.1337
==========================================
IMEAN
Avg:	1.1689	0.9068	2.2957	0.8714	7.0794
Std:	0.0074	0.0066	0.0104	0.0059	0.1550
==========================================
UPCC
Avg:	0.9272	0.7193	1.8861	0.7500	6.1741
Std:	0.0062	0.0050	0.0081	0.0101	0.1109
==========================================
IPCC
Avg:	1.0283	0.7977	2.0270	0.7614	6.1054
Std:	0.0085	0.0071	0.0122	0.0060	0.1213
==========================================
UIPCC
Avg:	0.9237	0.7166	1.8801	0.7388	6.0762
Std:	0.0063	0.0052	0.0084	0.0091	0.1015
==========================================


Detailed results for 20 rounds:
==========================================
UMEAN
==========================================
1.1919	0.9225	2.2968	1.5521	9.3715
1.1988	0.9315	2.2909	1.6207	9.6137
1.1987	0.9295	2.2929	1.5801	9.5691
1.1945	0.9267	2.2857	1.6077	9.4770
1.1971	0.9294	2.2883	1.5992	9.5379
1.1926	0.9247	2.2893	1.5733	9.3784
1.1879	0.9236	2.2786	1.5500	9.3760
1.1897	0.9243	2.2885	1.5746	9.2833
1.1826	0.9171	2.2881	1.5252	9.2230
1.1897	0.9238	2.2832	1.5836	9.3269
1.1896	0.9220	2.2955	1.5636	9.3892
1.1882	0.9225	2.2888	1.5549	9.2583
1.1865	0.9184	2.2933	1.5639	9.2562
1.1938	0.9274	2.2833	1.6139	9.3928
1.1900	0.9252	2.2818	1.5850	9.2353
1.1917	0.9240	2.2911	1.5739	9.4783
1.1763	0.9107	2.2947	1.5001	9.0657
1.1789	0.9133	2.2916	1.5129	9.1632
1.1901	0.9226	2.2891	1.5572	9.3573
1.1897	0.9234	2.2872	1.5907	9.3630


IMEAN
==========================================
1.1622	0.8996	2.2911	0.8630	6.7578
1.1679	0.9075	2.2865	0.8747	7.1429
1.1788	0.9141	2.3127	0.8710	7.1875
1.1640	0.9031	2.2881	0.8738	7.0769
1.1722	0.9100	2.3021	0.8722	7.0517
1.1604	0.8997	2.2774	0.8666	7.0834
1.1701	0.9097	2.2940	0.8684	7.0045
1.1779	0.9150	2.2911	0.8784	7.4109
1.1648	0.9033	2.2856	0.8755	7.1771
1.1660	0.9055	2.2934	0.8702	6.9971
1.1769	0.9122	2.3217	0.8711	7.1185
1.1784	0.9149	2.2920	0.8809	7.2079
1.1639	0.9009	2.2943	0.8636	6.9729
1.1838	0.9197	2.3152	0.8793	7.1882
1.1744	0.9131	2.3015	0.8739	7.2271
1.1689	0.9063	2.2925	0.8745	7.2271
1.1575	0.8962	2.2990	0.8685	6.7829
1.1558	0.8954	2.2960	0.8567	6.8929
1.1657	0.9037	2.2915	0.8684	6.9445
1.1679	0.9065	2.2891	0.8782	7.1365


UPCC
==========================================
0.9296	0.7195	1.8756	0.7668	6.1028
0.9268	0.7202	1.8862	0.7474	6.2266
0.9417	0.7302	1.9038	0.7681	6.3007
0.9276	0.7196	1.8804	0.7564	6.3204
0.9348	0.7257	1.8919	0.7714	6.3193
0.9223	0.7151	1.8778	0.7495	6.1120
0.9348	0.7268	1.8855	0.7599	6.2532
0.9227	0.7168	1.8754	0.7487	6.1460
0.9185	0.7123	1.8796	0.7403	6.0455
0.9248	0.7182	1.8843	0.7440	6.1749
0.9328	0.7230	1.9021	0.7389	6.1137
0.9197	0.7140	1.8803	0.7420	6.0730
0.9290	0.7191	1.8972	0.7375	6.1483
0.9316	0.7238	1.8878	0.7370	6.3349
0.9287	0.7220	1.8784	0.7565	6.2392
0.9262	0.7181	1.8803	0.7512	6.2684
0.9174	0.7103	1.8924	0.7415	5.9043
0.9206	0.7131	1.8846	0.7434	6.0249
0.9323	0.7228	1.8926	0.7541	6.2278
0.9214	0.7152	1.8860	0.7461	6.1470


IPCC
==========================================
1.0254	0.7937	2.0235	0.7586	5.9846
1.0280	0.7988	2.0205	0.7686	6.1912
1.0400	0.8065	2.0458	0.7638	6.2034
1.0221	0.7930	2.0137	0.7594	6.0828
1.0287	0.7987	2.0317	0.7579	6.0922
1.0211	0.7917	2.0071	0.7596	6.0956
1.0338	0.8038	2.0264	0.7661	6.0697
1.0305	0.8005	2.0199	0.7639	6.3487
1.0166	0.7883	2.0168	0.7587	6.0296
1.0358	0.8044	2.0343	0.7653	6.1952
1.0421	0.8077	2.0539	0.7640	6.1992
1.0288	0.7987	2.0179	0.7683	6.1068
1.0308	0.7979	2.0299	0.7565	6.0612
1.0472	0.8136	2.0535	0.7736	6.2912
1.0325	0.8027	2.0292	0.7663	6.2207
1.0273	0.7965	2.0237	0.7630	6.1640
1.0151	0.7859	2.0248	0.7507	5.8598
1.0208	0.7908	2.0332	0.7493	5.9537
1.0209	0.7914	2.0216	0.7525	5.9069
1.0177	0.7900	2.0135	0.7624	6.0515


UIPCC
==========================================
0.9247	0.7157	1.8709	0.7510	6.0059
0.9234	0.7176	1.8794	0.7402	6.1364
0.9379	0.7273	1.8979	0.7570	6.1852
0.9230	0.7161	1.8740	0.7433	6.1713
0.9302	0.7222	1.8871	0.7585	6.1808
0.9175	0.7114	1.8682	0.7370	6.0141
0.9303	0.7233	1.8775	0.7485	6.1384
0.9206	0.7152	1.8704	0.7406	6.1156
0.9146	0.7093	1.8736	0.7314	5.9464
0.9230	0.7167	1.8789	0.7358	6.0996
0.9315	0.7219	1.8982	0.7303	6.0382
0.9169	0.7119	1.8730	0.7326	6.0168
0.9261	0.7169	1.8902	0.7257	6.0461
0.9308	0.7231	1.8853	0.7289	6.2572
0.9260	0.7200	1.8738	0.7449	6.1186
0.9228	0.7154	1.8751	0.7383	6.1705
0.9136	0.7074	1.8860	0.7283	5.8260
0.9174	0.7107	1.8798	0.7322	5.9389
0.9273	0.7189	1.8859	0.7382	6.1202
0.9168	0.7116	1.8768	0.7338	5.9985


