Metric: | MAE	| NMAE	| RMSE	| MRE	| NPRE	
==========================================
UMEAN
Avg:	14.6444	1.3403	52.9582	4.0128	29.0232
Std:	0.0204	0.0089	1.5704	0.0470	0.3263
==========================================
IMEAN
Avg:	7.3021	0.6683	40.5672	0.5547	6.3567
Std:	0.0412	0.0036	1.6017	0.0021	0.0523
==========================================
UPCC
Avg:	7.7493	0.7093	35.9286	1.2470	16.5308
Std:	0.0916	0.0114	1.7953	0.0603	0.4149
==========================================
IPCC
Avg:	7.8333	0.7169	38.7570	0.6532	8.6631
Std:	0.0920	0.0061	1.9703	0.0064	0.1402
==========================================
UIPCC
Avg:	7.4327	0.6802	36.6957	1.0970	12.8726
Std:	0.0543	0.0049	2.0405	0.0317	0.1600
==========================================


Detailed results for 20 rounds:
==========================================
UMEAN
==========================================
14.6390	1.3414	52.6522	4.0397	29.0568
14.6423	1.3434	53.9752	4.0194	28.8135
14.6210	1.3281	54.8237	3.9761	28.6800
14.6779	1.3638	48.4244	4.0935	29.2336
14.6352	1.3348	53.9032	3.9761	28.7754
14.6252	1.3311	51.9970	3.9470	28.5969
14.6523	1.3346	52.6322	3.9483	28.9220
14.6352	1.3396	52.3315	4.0363	29.2937
14.6605	1.3508	52.3085	4.0721	29.5891
14.6062	1.3290	53.7794	3.9595	28.9481
14.6252	1.3398	54.0329	4.0197	28.9729
14.6908	1.3513	50.0434	4.0316	29.3343
14.6499	1.3383	52.9263	3.9734	28.8681
14.6219	1.3263	55.4231	3.9421	28.2513
14.6547	1.3411	53.8287	4.0168	29.0207
14.6659	1.3489	52.3924	4.0906	29.6233
14.6617	1.3447	52.2172	4.0474	29.4203
14.6487	1.3361	54.5708	3.9869	29.0016
14.6259	1.3368	53.8437	4.0042	28.9038
14.6484	1.3463	53.0574	4.0751	29.1584


IMEAN
==========================================
7.3058	0.6694	40.4141	0.5592	6.4572
7.3304	0.6725	42.1714	0.5563	6.4179
7.3584	0.6684	42.4590	0.5547	6.3564
7.2744	0.6759	36.5342	0.5536	6.3776
7.2992	0.6657	41.2693	0.5533	6.3586
7.3895	0.6726	39.8919	0.5536	6.2972
7.2698	0.6622	39.7721	0.5523	6.2557
7.2812	0.6665	39.7159	0.5570	6.4007
7.2378	0.6669	39.5048	0.5553	6.4135
7.3634	0.6700	41.5193	0.5536	6.3659
7.2709	0.6661	41.6870	0.5509	6.3010
7.2670	0.6684	36.9585	0.5583	6.3944
7.2859	0.6656	40.2709	0.5546	6.3139
7.3240	0.6643	42.9420	0.5556	6.3679
7.3329	0.6710	41.6652	0.5522	6.2704
7.2698	0.6686	40.1416	0.5556	6.3521
7.3604	0.6751	40.2265	0.5561	6.4174
7.3032	0.6661	42.1255	0.5521	6.2972
7.2516	0.6628	41.3122	0.5551	6.3685
7.2661	0.6678	40.7616	0.5551	6.3505


UPCC
==========================================
7.7282	0.7081	35.9997	1.2234	16.3152
7.7733	0.7132	38.1967	1.1936	16.3968
7.6586	0.6957	38.0029	1.1773	16.2188
8.0191	0.7451	32.0875	1.4336	17.5415
7.7153	0.7037	36.3807	1.2423	16.2987
7.8833	0.7175	35.3445	1.2659	16.5766
7.7019	0.7016	34.6202	1.2160	16.4045
7.6622	0.7013	34.4928	1.2418	16.8066
7.8266	0.7211	35.0777	1.3016	17.3564
7.6174	0.6931	36.6317	1.1877	15.8862
7.7636	0.7112	37.1216	1.2839	16.4427
7.6877	0.7071	31.7723	1.2515	16.3509
7.7349	0.7066	34.9807	1.2336	16.5735
7.6720	0.6959	38.8565	1.1350	15.9807
7.7779	0.7118	37.3043	1.2799	16.7077
7.8363	0.7208	35.6498	1.2713	17.2076
7.7607	0.7118	35.2036	1.2620	16.6557
7.7828	0.7098	37.6972	1.2935	16.2679
7.6327	0.6976	36.7886	1.1882	16.3516
7.7512	0.7124	36.3626	1.2572	16.2771


IPCC
==========================================
7.8118	0.7158	38.5466	0.6614	8.8074
7.8771	0.7227	40.6417	0.6487	8.6765
7.9884	0.7256	41.3757	0.6478	8.6883
7.6452	0.7103	34.0507	0.6462	8.4496
7.8903	0.7196	39.7897	0.6613	8.8025
8.0356	0.7314	38.0948	0.6597	8.8774
7.6885	0.7003	37.6223	0.6371	8.2691
7.8550	0.7190	37.8613	0.6599	8.6309
7.7666	0.7156	37.4171	0.6478	8.5987
7.8939	0.7182	39.6433	0.6554	8.6388
7.8052	0.7150	39.8216	0.6493	8.5960
7.7562	0.7134	34.2758	0.6527	8.5967
7.8302	0.7153	38.3119	0.6501	8.6466
7.9199	0.7184	41.6631	0.6629	8.8211
7.8897	0.7220	40.5009	0.6593	8.6677
7.7732	0.7150	38.2540	0.6491	8.5311
7.8000	0.7154	37.6869	0.6511	8.7121
7.8800	0.7187	40.5339	0.6518	8.8248
7.8233	0.7150	39.8632	0.6573	8.7973
7.7364	0.7110	39.1856	0.6551	8.6286


UIPCC
==========================================
7.4176	0.6797	36.6196	1.1004	12.8525
7.4474	0.6833	38.7696	1.0715	12.8042
7.4923	0.6806	39.1959	1.0486	12.7737
7.4152	0.6890	31.8547	1.1920	13.0855
7.4500	0.6795	37.5409	1.1195	12.9129
7.6003	0.6918	35.9483	1.1132	13.0198
7.3425	0.6688	35.5077	1.0633	12.5865
7.3937	0.6768	35.5055	1.0958	12.9877
7.4194	0.6836	35.5047	1.1241	13.1286
7.4259	0.6757	37.5742	1.0638	12.5538
7.4179	0.6796	37.9120	1.1163	12.9132
7.3554	0.6765	31.9697	1.0856	12.7824
7.4201	0.6778	36.0290	1.0972	12.9995
7.4707	0.6776	39.7935	1.0508	12.6353
7.4855	0.6850	38.4037	1.1224	12.8978
7.4329	0.6836	36.3154	1.0988	13.1028
7.4195	0.6805	35.7950	1.0940	12.8759
7.4726	0.6815	38.6094	1.1156	12.9519
7.3903	0.6755	37.8431	1.0706	12.8699
7.3844	0.6787	37.2227	1.0964	12.7173


