Metric: | MAE	| NMAE	| RMSE	| MRE	| NPRE	
==========================================
UMEAN
Avg:	14.6364	1.3389	52.8065	4.0147	28.9979
Std:	0.0102	0.0068	1.8242	0.0363	0.2276
==========================================
IMEAN
Avg:	7.2789	0.6658	40.2950	0.5556	6.3624
Std:	0.0423	0.0036	1.9360	0.0019	0.0548
==========================================
UPCC
Avg:	7.5107	0.6871	34.7993	1.1709	16.5172
Std:	0.0847	0.0094	2.0571	0.0388	0.2597
==========================================
IPCC
Avg:	7.4890	0.6851	37.0797	0.6156	7.9541
Std:	0.0767	0.0057	2.1273	0.0058	0.1184
==========================================
UIPCC
Avg:	7.1035	0.6498	35.0456	1.0214	12.4227
Std:	0.0621	0.0055	2.2951	0.0245	0.1110
==========================================


Detailed results for 20 rounds:
==========================================
UMEAN
==========================================
14.6268	1.3371	52.5215	4.0474	29.1269
14.6287	1.3412	54.4413	4.0111	28.8876
14.6389	1.3318	54.4206	4.0114	28.8570
14.6280	1.3487	49.3710	4.0570	28.9197
14.6343	1.3316	54.2122	3.9904	28.7757
14.6364	1.3394	50.5137	3.9658	28.7984
14.6545	1.3448	49.5732	3.9986	29.2205
14.6420	1.3353	53.3073	4.0336	29.1021
14.6395	1.3514	51.3892	4.0581	29.5276
14.6188	1.3355	53.4977	3.9851	29.0292
14.6263	1.3332	54.2677	3.9917	28.7459
14.6450	1.3517	49.7567	4.0670	29.3148
14.6289	1.3355	53.6584	3.9704	28.8677
14.6402	1.3267	56.0421	3.9622	28.5019
14.6313	1.3332	53.3232	3.9837	28.8534
14.6494	1.3412	53.2921	4.0550	29.1461
14.6384	1.3411	52.8410	4.0428	29.2052
14.6602	1.3374	54.4052	3.9935	29.0987
14.6373	1.3336	53.9183	3.9879	28.8724
14.6234	1.3474	51.3782	4.0819	29.1075


IMEAN
==========================================
7.2959	0.6670	40.2814	0.5602	6.4831
7.3180	0.6709	42.5882	0.5567	6.4430
7.3070	0.6648	41.9129	0.5565	6.3685
7.2630	0.6696	36.9317	0.5549	6.3458
7.2412	0.6589	41.2575	0.5528	6.3768
7.3349	0.6712	38.1488	0.5555	6.3370
7.2544	0.6657	36.6410	0.5539	6.2781
7.2582	0.6619	40.5880	0.5579	6.4132
7.1843	0.6632	38.5251	0.5534	6.3596
7.3537	0.6718	41.0429	0.5548	6.3943
7.2604	0.6618	41.8565	0.5538	6.3303
7.2279	0.6671	36.7559	0.5577	6.3943
7.2916	0.6657	41.1305	0.5565	6.3142
7.3207	0.6634	43.6008	0.5563	6.3393
7.3145	0.6665	40.8837	0.5527	6.2544
7.2632	0.6650	40.9634	0.5566	6.3118
7.3248	0.6711	40.6635	0.5567	6.4474
7.2904	0.6651	41.9847	0.5526	6.3349
7.2551	0.6610	41.2207	0.5570	6.3601
7.2182	0.6651	38.9223	0.5562	6.3617


UPCC
==========================================
7.4763	0.6835	35.3881	1.1331	16.2778
7.5201	0.6895	37.3823	1.1449	16.2637
7.4657	0.6792	36.8396	1.1622	16.5227
7.6798	0.7081	31.9824	1.2168	17.0783
7.4830	0.6809	35.2967	1.2027	16.3648
7.6720	0.7021	32.7554	1.2089	16.6386
7.4680	0.6853	30.8006	1.1309	16.7104
7.4230	0.6770	34.7955	1.1741	16.4322
7.5164	0.6939	33.0163	1.1737	16.9654
7.4282	0.6786	35.0197	1.1294	16.1569
7.5024	0.6838	36.5444	1.1575	16.2953
7.4754	0.6900	30.8846	1.1672	16.7087
7.4709	0.6820	35.3189	1.1294	16.2181
7.4852	0.6783	38.4813	1.1406	16.4249
7.5314	0.6863	35.6714	1.1946	16.7082
7.5705	0.6931	35.7092	1.2116	16.6899
7.5258	0.6895	34.6198	1.1916	16.6848
7.6781	0.7005	36.9666	1.2558	16.5905
7.3296	0.6678	35.4341	1.0911	16.0548
7.5128	0.6922	33.0792	1.2015	16.5579


IPCC
==========================================
7.4402	0.6802	36.9074	0.6256	7.9957
7.5264	0.6900	39.4454	0.6209	8.0372
7.6061	0.6920	39.9903	0.6124	8.0614
7.4489	0.6868	33.5640	0.6132	7.9482
7.4898	0.6815	37.4175	0.6230	7.9910
7.6226	0.6976	34.9456	0.6208	8.0710
7.3349	0.6731	33.4630	0.6032	7.6014
7.4784	0.6820	37.3903	0.6174	7.9541
7.4022	0.6833	35.8886	0.6113	7.9013
7.4240	0.6782	36.7664	0.6105	7.7792
7.4661	0.6805	38.4328	0.6149	7.9526
7.3524	0.6786	32.6926	0.6058	7.7557
7.5531	0.6895	38.4151	0.6114	7.9719
7.5852	0.6874	40.5232	0.6245	7.9564
7.4871	0.6822	37.8904	0.6147	7.9694
7.5554	0.6917	38.2145	0.6178	7.9180
7.5398	0.6908	37.3414	0.6166	8.0915
7.5206	0.6861	38.7869	0.6105	8.0355
7.5184	0.6850	38.3151	0.6196	8.0899
7.4275	0.6844	35.2037	0.6180	8.0008


UIPCC
==========================================
7.0628	0.6457	35.1910	1.0022	12.3168
7.1266	0.6534	37.6673	1.0133	12.3981
7.1573	0.6511	37.7239	1.0107	12.4205
7.1309	0.6575	31.1849	1.0610	12.6390
7.0872	0.6449	35.5136	1.0598	12.3789
7.2364	0.6622	32.7899	1.0474	12.5666
6.9905	0.6415	30.7745	0.9913	12.2511
7.0569	0.6436	35.3418	1.0148	12.4083
7.0586	0.6516	33.5750	1.0248	12.6094
7.0473	0.6438	35.0740	0.9859	12.1976
7.0897	0.6462	36.7104	1.0182	12.4207
6.9904	0.6452	30.4081	0.9985	12.4771
7.1339	0.6513	36.1894	0.9927	12.4390
7.1564	0.6485	38.8229	1.0090	12.3139
7.1175	0.6486	35.9757	1.0400	12.4491
7.1611	0.6556	36.1898	1.0340	12.4658
7.1517	0.6552	35.2740	1.0298	12.5162
7.1884	0.6558	37.0137	1.0590	12.4758
7.0519	0.6425	36.2359	0.9865	12.2781
7.0738	0.6518	33.2565	1.0490	12.4319


