Metric: | MAE	| NMAE	| RMSE	| MRE	| NPRE	
==========================================
UMEAN
Avg:	14.7264	1.3465	53.1224	3.9783	29.1570
Std:	0.0784	0.0098	0.6921	0.0613	0.5161
==========================================
IMEAN
Avg:	7.5576	0.6910	41.4936	0.5549	6.3303
Std:	0.0356	0.0040	0.6269	0.0026	0.0776
==========================================
UPCC
Avg:	8.9740	0.8205	39.9364	1.5587	17.2055
Std:	0.1314	0.0131	0.7720	0.0479	0.4703
==========================================
IPCC
Avg:	9.1295	0.8347	42.3281	0.7836	11.0703
Std:	0.0974	0.0099	0.3262	0.0071	0.1597
==========================================
UIPCC
Avg:	8.7901	0.8037	40.7639	1.3848	14.6128
Std:	0.0898	0.0094	0.6071	0.0272	0.2328
==========================================


Detailed results for 20 rounds:
==========================================
UMEAN
==========================================
14.6548	1.3381	53.1112	3.9477	29.0428
14.6156	1.3336	53.4673	3.9055	28.2878
14.7691	1.3527	53.1292	4.0427	29.6942
14.7801	1.3544	53.1509	4.0697	28.9698
14.7078	1.3435	53.1692	3.9627	28.8432
14.6452	1.3341	52.6093	3.8387	28.5614
14.8783	1.3652	51.3658	3.9961	29.8072
14.7071	1.3448	53.2012	4.0284	29.6277
14.7087	1.3433	54.2555	4.0197	28.9428
14.7506	1.3493	52.9591	3.9886	29.7119
14.7805	1.3529	53.4405	3.9631	29.2259
14.8383	1.3601	51.8759	4.0022	29.2831
14.7337	1.3472	52.8069	3.9694	28.7990
14.6571	1.3378	53.9896	3.9090	28.6391
14.6792	1.3403	53.3902	3.9246	28.9960
14.6762	1.3404	53.9175	4.0097	29.2219
14.8621	1.3632	53.0131	4.1013	30.4535
14.6683	1.3390	53.3869	3.9186	28.6459
14.6036	1.3319	53.9705	3.9416	28.7504
14.8127	1.3576	52.2390	4.0276	29.6362


IMEAN
==========================================
7.5812	0.6922	41.6258	0.5601	6.3943
7.5941	0.6929	42.2748	0.5543	6.3065
7.5651	0.6929	41.6689	0.5538	6.3537
7.6007	0.6965	41.6752	0.5576	6.3551
7.5130	0.6863	41.0306	0.5555	6.3666
7.5790	0.6904	41.0457	0.5506	6.1683
7.6052	0.6978	40.1457	0.5522	6.2963
7.5317	0.6887	41.6729	0.5583	6.3856
7.6082	0.6948	42.4313	0.5567	6.4620
7.5499	0.6906	41.4321	0.5569	6.3246
7.5362	0.6898	41.5576	0.5539	6.3311
7.5751	0.6944	40.2673	0.5584	6.4753
7.5196	0.6876	41.1358	0.5544	6.3452
7.5326	0.6875	42.0515	0.5560	6.3089
7.5124	0.6859	41.2377	0.5514	6.1806
7.5538	0.6899	42.4750	0.5520	6.3578
7.5644	0.6939	41.6248	0.5550	6.3250
7.4914	0.6838	41.4557	0.5504	6.2830
7.5253	0.6863	42.2474	0.5550	6.2045
7.6141	0.6979	40.8164	0.5561	6.3813


UPCC
==========================================
8.7992	0.8034	40.1175	1.5069	16.4602
8.8617	0.8086	40.8549	1.5021	16.3965
8.9707	0.8216	40.2589	1.5919	17.3698
9.1148	0.8352	39.9543	1.6155	17.7369
9.0403	0.8258	39.6406	1.6208	17.2789
9.0489	0.8243	38.9899	1.5751	16.8889
9.2569	0.8494	38.1140	1.6228	17.7589
8.7797	0.8028	39.9903	1.5079	17.0206
9.0046	0.8224	40.9962	1.6268	17.6023
8.8996	0.8141	39.6072	1.5523	17.3672
9.0701	0.8302	40.1510	1.5927	17.5054
9.0635	0.8308	38.3000	1.5702	16.8942
8.9144	0.8151	39.8030	1.5339	16.5658
8.9439	0.8163	40.5986	1.5193	17.0627
8.9880	0.8207	39.8707	1.5504	17.3295
8.9014	0.8130	40.9369	1.4555	17.5699
9.0924	0.8340	40.4282	1.5849	18.3053
8.8726	0.8099	39.8524	1.5468	16.8934
8.7140	0.7947	40.7985	1.4991	16.7732
9.1438	0.8381	39.4651	1.5992	17.3294


IPCC
==========================================
9.1329	0.8339	42.7492	0.7917	11.1039
9.0714	0.8277	42.7843	0.7831	11.0223
9.2201	0.8444	42.4806	0.7812	11.3090
9.1031	0.8342	42.2458	0.7867	11.0182
9.1426	0.8351	41.8385	0.7905	11.2976
9.1384	0.8325	42.2162	0.7783	10.7925
9.3129	0.8545	41.8455	0.7730	10.8524
9.1439	0.8361	42.5062	0.7936	11.2219
9.1019	0.8312	42.8075	0.7952	11.0660
9.0883	0.8314	42.4512	0.7766	10.9793
8.9711	0.8212	41.9841	0.7737	10.8581
9.3672	0.8586	42.0852	0.7945	11.3219
9.1203	0.8339	42.0696	0.7836	11.1592
9.1246	0.8328	42.4292	0.7887	11.1418
9.0789	0.8290	41.9316	0.7741	11.0546
9.1353	0.8344	42.8813	0.7825	11.2351
9.0539	0.8305	42.4851	0.7753	10.8481
9.0528	0.8264	42.1989	0.7845	11.1871
8.9657	0.8177	42.5926	0.7771	10.9089
9.2650	0.8492	41.9797	0.7872	11.0285


UIPCC
==========================================
8.7317	0.7973	41.0640	1.3631	14.2885
8.7182	0.7955	41.5042	1.3549	14.0920
8.8429	0.8099	40.9797	1.3876	14.8559
8.8318	0.8093	40.8093	1.4323	14.7134
8.8165	0.8054	40.3331	1.4325	14.7213
8.8181	0.8033	40.2049	1.3987	14.2362
8.9991	0.8257	39.3583	1.4096	14.7654
8.7239	0.7977	40.9159	1.3730	14.6388
8.7873	0.8025	41.6774	1.4279	14.7002
8.7398	0.7995	40.6517	1.3659	14.6435
8.7325	0.7993	40.7272	1.3909	14.6663
8.9527	0.8206	39.6064	1.4023	14.7350
8.7687	0.8018	40.5544	1.3740	14.4049
8.7777	0.8012	41.2409	1.3701	14.5537
8.7615	0.8000	40.5466	1.3761	14.6666
8.7741	0.8014	41.6666	1.3402	15.0388
8.7882	0.8061	41.0827	1.3933	14.9759
8.7036	0.7945	40.7162	1.3809	14.5720
8.5995	0.7843	41.4332	1.3315	14.3501
8.9346	0.8189	40.2044	1.3916	14.6365


