Metric: | MAE	| NMAE	| RMSE	| MRE	| NPRE	
==========================================
UMEAN
Avg:	15.1282	1.3510	54.9836	4.1659	32.1375
Std:	0.0471	0.0114	1.0297	0.0557	0.5391
==========================================
IMEAN
Avg:	7.5792	0.6768	42.0638	0.5726	6.6938
Std:	0.0464	0.0040	0.9886	0.0017	0.0445
==========================================
UPCC
Avg:	8.2159	0.7337	37.5609	1.3677	17.7363
Std:	0.0847	0.0094	1.1965	0.0686	0.4324
==========================================
IPCC
Avg:	8.7225	0.7789	41.6446	0.7322	10.4382
Std:	0.1120	0.0092	1.0728	0.0051	0.1869
==========================================
UIPCC
Avg:	8.1723	0.7298	39.0798	1.2623	14.7687
Std:	0.0669	0.0060	1.1976	0.0324	0.2286
==========================================


Detailed results for 20 rounds:
==========================================
UMEAN
==========================================
15.1538	1.3551	54.8668	4.1727	32.4401
15.0969	1.3424	54.2048	4.1547	32.6231
15.0900	1.3425	56.6105	4.1220	31.7779
15.1911	1.3660	54.8058	4.2542	32.5603
15.0735	1.3410	54.8748	4.1225	31.8805
15.0966	1.3409	54.8528	4.1194	31.4896
15.2183	1.3694	53.1993	4.2150	32.3219
15.1301	1.3528	54.8949	4.1756	32.4997
15.1637	1.3548	54.6675	4.1773	32.1932
15.2142	1.3720	53.2041	4.2123	32.3767
15.1884	1.3706	54.2797	4.3178	33.5482
15.1001	1.3422	54.7058	4.1089	31.4081
15.1081	1.3483	56.6178	4.1945	32.2693
15.1583	1.3614	54.5916	4.1737	32.5782
15.1018	1.3428	55.1423	4.0909	31.6823
15.1231	1.3540	53.5858	4.1423	31.9602
15.0837	1.3406	56.5449	4.1203	31.5197
15.1400	1.3503	55.4541	4.1931	32.6463
15.0540	1.3317	56.2790	4.0821	31.4278
15.0789	1.3412	56.2905	4.1682	31.5467


IMEAN
==========================================
7.5732	0.6772	42.0583	0.5734	6.6452
7.6330	0.6787	41.3063	0.5697	6.6506
7.5831	0.6746	43.5355	0.5747	6.6297
7.5158	0.6758	41.7710	0.5716	6.7677
7.6808	0.6833	42.4792	0.5745	6.7485
7.5792	0.6732	41.6445	0.5705	6.7335
7.5408	0.6785	40.3941	0.5729	6.6940
7.5720	0.6770	41.9125	0.5719	6.6206
7.5920	0.6783	41.7897	0.5704	6.6535
7.5695	0.6826	40.6717	0.5716	6.6478
7.5132	0.6780	41.3255	0.5732	6.7301
7.5453	0.6707	41.5090	0.5728	6.7458
7.5867	0.6771	43.7141	0.5752	6.7298
7.5456	0.6777	41.3975	0.5726	6.7094
7.6457	0.6798	42.7691	0.5721	6.7346
7.6446	0.6844	40.6879	0.5758	6.7474
7.5843	0.6741	43.4061	0.5733	6.6627
7.4897	0.6680	42.2084	0.5696	6.6817
7.5951	0.6719	43.2462	0.5732	6.6686
7.5945	0.6755	43.4489	0.5740	6.6755


UPCC
==========================================
8.1714	0.7307	37.6007	1.4120	17.4516
8.1761	0.7270	36.8971	1.2626	17.4462
8.3288	0.7410	39.7733	1.3732	18.4842
8.1849	0.7360	37.2580	1.3826	18.0323
8.1664	0.7265	37.7119	1.2705	17.5344
8.2025	0.7285	36.8556	1.3302	17.6224
8.2549	0.7428	35.5144	1.4105	17.8904
8.3160	0.7435	37.9324	1.3765	18.2217
8.3154	0.7429	37.2800	1.4240	18.1164
8.2775	0.7465	35.8930	1.3509	17.6193
8.1696	0.7372	36.4125	1.4153	18.3381
8.1065	0.7205	36.3710	1.3042	17.1994
8.2131	0.7330	39.0074	1.4562	17.9118
8.2175	0.7380	36.6486	1.3648	17.5506
8.1430	0.7240	38.3738	1.2933	17.2017
8.4495	0.7565	36.4132	1.5322	18.5496
8.1736	0.7265	39.2256	1.4348	17.3146
8.1260	0.7247	37.7923	1.3190	17.7115
8.2299	0.7280	38.8814	1.3783	17.5569
8.0965	0.7201	39.3749	1.2636	16.9735


IPCC
==========================================
8.6186	0.7707	41.6325	0.7313	10.2575
8.8368	0.7858	40.8531	0.7354	10.6052
8.7801	0.7811	43.1801	0.7406	10.6170
8.7048	0.7828	41.0259	0.7353	10.6941
8.9592	0.7970	42.3004	0.7392	10.7546
8.8974	0.7903	42.0325	0.7381	10.4494
8.6106	0.7748	39.4039	0.7237	10.3064
8.5027	0.7602	41.4929	0.7218	9.9595
8.6405	0.7720	40.8569	0.7296	10.3303
8.7718	0.7910	40.4565	0.7261	10.2650
8.6312	0.7789	40.8712	0.7335	10.3826
8.7207	0.7751	40.8596	0.7372	10.6722
8.7037	0.7768	43.3110	0.7322	10.5157
8.5901	0.7715	40.5294	0.7328	10.4318
8.8702	0.7887	42.5471	0.7349	10.6285
8.8160	0.7893	40.6441	0.7328	10.4024
8.6507	0.7689	42.8928	0.7278	10.2791
8.7703	0.7822	42.2992	0.7240	10.3592
8.6955	0.7692	42.7014	0.7336	10.5251
8.6795	0.7720	43.0011	0.7346	10.3284


UIPCC
==========================================
8.0960	0.7240	39.1863	1.2583	14.5361
8.2395	0.7327	38.2674	1.2153	14.6129
8.2445	0.7335	41.0366	1.2880	15.2226
8.1350	0.7315	38.5837	1.2857	15.0367
8.2742	0.7361	39.4063	1.2435	14.8350
8.2695	0.7345	38.8787	1.2601	14.7502
8.1154	0.7303	36.7550	1.2640	14.7199
8.0852	0.7229	39.2237	1.2636	14.7679
8.1666	0.7296	38.5638	1.2874	14.8994
8.2126	0.7406	37.4479	1.2610	14.6025
8.0971	0.7307	38.1785	1.2789	15.1195
8.1343	0.7230	38.1469	1.2381	14.7066
8.1587	0.7281	40.8632	1.2883	14.9334
8.1040	0.7278	38.1002	1.2557	14.5284
8.2358	0.7323	39.8986	1.2239	14.6168
8.3056	0.7436	37.7730	1.3575	15.1196
8.1132	0.7211	40.5531	1.2770	14.4467
8.1644	0.7282	39.4604	1.2411	14.8352
8.1779	0.7234	40.4386	1.2585	14.7284
8.1174	0.7220	40.8333	1.2004	14.3567


