Metric: | MAE	| NMAE	| RMSE	| MRE	| NPRE	
==========================================
UMEAN
Avg:	15.1235	1.3492	55.2954	4.1417	32.0201
Std:	0.0654	0.0105	0.8703	0.0581	0.5776
==========================================
IMEAN
Avg:	7.6560	0.6830	42.5774	0.5722	6.6866
Std:	0.0397	0.0037	0.7778	0.0016	0.0305
==========================================
UPCC
Avg:	8.6406	0.7708	39.4737	1.4681	17.7870
Std:	0.0944	0.0098	0.9213	0.0738	0.4283
==========================================
IPCC
Avg:	9.2358	0.8239	43.2640	0.7838	11.4436
Std:	0.1288	0.0125	0.5498	0.0047	0.1323
==========================================
UIPCC
Avg:	8.6861	0.7749	40.9260	1.3646	15.3916
Std:	0.0836	0.0087	0.7732	0.0321	0.2206
==========================================


Detailed results for 20 rounds:
==========================================
UMEAN
==========================================
15.1704	1.3569	55.2410	4.1863	32.4767
15.1142	1.3464	54.3170	4.1486	32.8240
15.0484	1.3373	56.0340	4.0912	31.1799
15.1734	1.3574	56.2519	4.2348	32.4191
15.0495	1.3371	55.1882	4.0836	31.8181
15.1483	1.3510	54.1394	4.1545	31.7056
15.2361	1.3675	53.6687	4.1663	31.9611
15.1277	1.3493	55.2902	4.1383	32.2528
15.1785	1.3556	54.3680	4.1813	32.0336
15.2232	1.3644	54.4274	4.1402	32.2217
15.2122	1.3660	55.6617	4.2822	33.3216
15.0988	1.3459	54.4382	4.1161	31.4756
15.1178	1.3492	56.2953	4.1856	32.3452
15.0834	1.3446	55.8419	4.0766	31.6909
15.0732	1.3409	56.2579	4.1024	31.7836
15.1257	1.3524	54.5251	4.1025	32.0068
15.0832	1.3415	55.9962	4.0931	31.3122
15.1754	1.3559	55.1516	4.1876	32.9552
14.9763	1.3255	56.8808	4.0211	31.1274
15.0552	1.3390	55.9341	4.1407	31.4904


IMEAN
==========================================
7.6540	0.6846	42.7471	0.5734	6.7248
7.7003	0.6860	41.7294	0.5690	6.6407
7.6341	0.6784	43.0102	0.5730	6.6555
7.5902	0.6790	43.3013	0.5698	6.6922
7.7689	0.6903	42.9545	0.5737	6.7366
7.6835	0.6852	41.6776	0.5718	6.6807
7.6606	0.6875	41.0001	0.5711	6.6661
7.6128	0.6790	42.5113	0.5716	6.6888
7.6864	0.6865	41.8924	0.5713	6.6577
7.6578	0.6863	41.7858	0.5728	6.6527
7.6022	0.6826	42.9656	0.5751	6.6991
7.6852	0.6851	41.8489	0.5730	6.7361
7.6368	0.6816	43.5272	0.5744	6.7255
7.6668	0.6835	42.8730	0.5735	6.6867
7.6364	0.6793	43.6240	0.5732	6.7324
7.6879	0.6874	41.6507	0.5731	6.6959
7.6611	0.6814	43.1519	0.5712	6.6412
7.6109	0.6800	42.2948	0.5689	6.6628
7.6547	0.6775	43.9254	0.5729	6.6793
7.6294	0.6786	43.0757	0.5722	6.6764


UPCC
==========================================
8.6566	0.7743	39.3906	1.4965	17.7669
8.6503	0.7706	39.4044	1.3665	17.7439
8.6265	0.7666	40.1741	1.4484	18.0004
8.5588	0.7657	40.3574	1.4991	18.0503
8.5540	0.7600	39.4964	1.3679	17.2457
8.6307	0.7697	38.2434	1.4555	17.7835
8.7711	0.7872	37.4654	1.5812	18.2841
8.7429	0.7798	39.5840	1.4694	18.3354
8.6787	0.7751	38.6327	1.4629	18.0495
8.6440	0.7747	38.3038	1.3848	17.3194
8.6499	0.7767	40.0019	1.5338	18.4483
8.5405	0.7613	38.1086	1.3754	17.4140
8.5737	0.7652	40.1467	1.5556	17.8716
8.6596	0.7720	39.8340	1.4181	17.5214
8.4938	0.7556	40.5203	1.4388	17.4603
8.8994	0.7957	38.7120	1.6386	18.5618
8.7451	0.7778	40.3262	1.5512	17.7961
8.6396	0.7719	39.4983	1.4595	17.7393
8.5885	0.7602	40.9721	1.4704	17.5672
8.5090	0.7568	40.3011	1.3877	16.7814


IPCC
==========================================
9.1045	0.8144	42.7727	0.7833	11.3790
9.2787	0.8266	42.3029	0.7887	11.5610
9.2105	0.8185	43.4564	0.7825	11.5624
9.1873	0.8219	43.6418	0.7814	11.5351
9.5232	0.8461	44.2584	0.7898	11.6239
9.3850	0.8370	43.2029	0.7847	11.3676
9.3725	0.8412	42.2671	0.7789	11.4543
9.0303	0.8055	42.8124	0.7883	11.3766
9.3332	0.8336	43.1111	0.7827	11.4360
9.3190	0.8352	42.7421	0.7804	11.2837
9.2381	0.8296	43.3230	0.7934	11.5832
9.3350	0.8321	42.6980	0.7863	11.7181
9.0739	0.8098	43.6964	0.7871	11.3008
9.1374	0.8146	43.3741	0.7792	11.4721
9.2054	0.8189	44.1726	0.7877	11.5321
9.3387	0.8350	43.0649	0.7817	11.2531
9.1825	0.8167	43.7631	0.7788	11.3615
9.3305	0.8336	43.3137	0.7722	11.5417
9.0536	0.8013	44.0224	0.7833	11.2476
9.0762	0.8072	43.2832	0.7864	11.2818


UIPCC
==========================================
8.6137	0.7705	40.6619	1.3792	15.3485
8.7224	0.7770	40.2708	1.3307	15.4013
8.6630	0.7699	41.4533	1.3631	15.4898
8.6138	0.7706	41.6554	1.3761	15.6543
8.8203	0.7837	41.3623	1.3243	15.2879
8.7719	0.7823	40.1804	1.3650	15.3356
8.7992	0.7897	39.3138	1.4050	15.5529
8.6046	0.7675	40.8081	1.3835	15.6364
8.7635	0.7827	40.3528	1.3718	15.5108
8.7285	0.7823	39.9659	1.3291	15.0556
8.6902	0.7803	41.2576	1.4037	15.7268
8.7059	0.7761	39.8539	1.3308	15.3673
8.5684	0.7647	41.7004	1.3881	15.4193
8.6407	0.7703	41.2747	1.3366	15.2414
8.6166	0.7665	42.0138	1.3427	15.2574
8.8347	0.7899	40.2697	1.4413	15.6481
8.6953	0.7734	41.6317	1.3945	15.3993
8.7370	0.7806	40.8223	1.3507	15.5419
8.5758	0.7590	42.2105	1.3641	15.1823
8.5564	0.7610	41.4606	1.3124	14.7756


