Metric: | MAE	| NMAE	| RMSE	| MRE	| NPRE	
==========================================
UMEAN
Avg:	1.2545	0.9472	2.3681	1.6663	9.9859
Std:	0.0044	0.0043	0.0033	0.0264	0.1369
==========================================
IMEAN
Avg:	1.1081	0.8367	2.1549	0.9234	6.6059
Std:	0.0037	0.0034	0.0042	0.0053	0.0692
==========================================
UPCC
Avg:	0.8813	0.6654	1.8025	0.6816	5.7671
Std:	0.0047	0.0039	0.0047	0.0073	0.1176
==========================================
IPCC
Avg:	0.9518	0.7186	1.8792	0.7586	5.5024
Std:	0.0034	0.0030	0.0054	0.0046	0.0613
==========================================
UIPCC
Avg:	0.8754	0.6610	1.7986	0.6687	5.6065
Std:	0.0042	0.0035	0.0046	0.0071	0.0998
==========================================


Detailed results for 20 rounds:
==========================================
UMEAN
==========================================
1.2495	0.9435	2.3656	1.6466	9.8589
1.2522	0.9452	2.3712	1.6714	10.0231
1.2542	0.9472	2.3675	1.6641	9.9388
1.2593	0.9519	2.3643	1.6989	10.0892
1.2531	0.9441	2.3711	1.6610	9.8894
1.2604	0.9519	2.3672	1.6944	10.0540
1.2602	0.9513	2.3686	1.6929	10.1737
1.2447	0.9386	2.3699	1.6135	9.7065
1.2544	0.9483	2.3639	1.6646	10.1002
1.2549	0.9477	2.3676	1.6508	9.9425
1.2570	0.9507	2.3632	1.6891	10.0818
1.2491	0.9412	2.3720	1.6291	9.8974
1.2608	0.9535	2.3629	1.7024	10.2403
1.2573	0.9499	2.3687	1.6846	10.0437
1.2570	0.9490	2.3702	1.6813	10.1305
1.2551	0.9481	2.3668	1.6731	9.9727
1.2596	0.9533	2.3641	1.7012	10.1031
1.2495	0.9415	2.3721	1.6407	9.7814
1.2535	0.9459	2.3707	1.6400	9.8717
1.2491	0.9416	2.3748	1.6266	9.8195


IMEAN
==========================================
1.1045	0.8340	2.1508	0.9219	6.6575
1.1076	0.8361	2.1530	0.9270	6.5160
1.1116	0.8395	2.1568	0.9275	6.6092
1.1088	0.8381	2.1598	0.9195	6.5379
1.1027	0.8308	2.1548	0.9141	6.5417
1.1104	0.8387	2.1569	0.9254	6.6532
1.1103	0.8382	2.1622	0.9220	6.6745
1.1067	0.8346	2.1611	0.9151	6.5794
1.1080	0.8376	2.1483	0.9310	6.6169
1.1152	0.8422	2.1619	0.9256	6.6994
1.1138	0.8424	2.1554	0.9268	6.7283
1.0990	0.8282	2.1520	0.9183	6.4610
1.1034	0.8345	2.1498	0.9187	6.5735
1.1088	0.8376	2.1575	0.9211	6.6722
1.1089	0.8372	2.1545	0.9185	6.5633
1.1064	0.8358	2.1506	0.9225	6.6234
1.1114	0.8411	2.1475	0.9347	6.7084
1.1105	0.8368	2.1557	0.9251	6.5694
1.1079	0.8360	2.1544	0.9312	6.5403
1.1068	0.8344	2.1544	0.9228	6.5928


UPCC
==========================================
0.8735	0.6596	1.7944	0.6731	5.6572
0.8773	0.6623	1.7982	0.6750	5.7087
0.8810	0.6654	1.8023	0.6779	5.7979
0.8821	0.6668	1.8087	0.6740	5.7968
0.8770	0.6608	1.8004	0.6804	5.6972
0.8883	0.6709	1.8012	0.6899	5.9869
0.8895	0.6714	1.8114	0.6860	5.8432
0.8796	0.6633	1.8063	0.6787	5.7063
0.8883	0.6715	1.8028	0.6918	5.9550
0.8856	0.6688	1.8062	0.6921	5.8378
0.8835	0.6683	1.8023	0.6837	5.8978
0.8789	0.6623	1.8052	0.6799	5.6430
0.8833	0.6680	1.8010	0.6828	5.8774
0.8807	0.6653	1.8100	0.6835	5.6729
0.8829	0.6666	1.8006	0.6961	5.7069
0.8817	0.6661	1.8027	0.6782	5.8483
0.8742	0.6616	1.7917	0.6737	5.6020
0.8735	0.6582	1.8025	0.6677	5.5149
0.8863	0.6688	1.8046	0.6897	5.8061
0.8782	0.6620	1.7978	0.6785	5.7864


IPCC
==========================================
0.9458	0.7141	1.8698	0.7556	5.4933
0.9491	0.7164	1.8768	0.7572	5.4487
0.9563	0.7222	1.8821	0.7594	5.5392
0.9526	0.7201	1.8876	0.7565	5.4382
0.9464	0.7130	1.8776	0.7503	5.4138
0.9549	0.7212	1.8781	0.7618	5.5926
0.9588	0.7238	1.8871	0.7644	5.5566
0.9514	0.7174	1.8867	0.7487	5.4231
0.9534	0.7207	1.8721	0.7660	5.6092
0.9560	0.7220	1.8869	0.7616	5.4848
0.9544	0.7218	1.8812	0.7600	5.5464
0.9473	0.7139	1.8777	0.7517	5.4136
0.9488	0.7175	1.8719	0.7582	5.5790
0.9529	0.7199	1.8831	0.7598	5.4983
0.9491	0.7165	1.8787	0.7560	5.4601
0.9509	0.7183	1.8734	0.7627	5.5648
0.9532	0.7213	1.8718	0.7665	5.5691
0.9541	0.7189	1.8832	0.7577	5.4541
0.9517	0.7181	1.8814	0.7603	5.4622
0.9484	0.7149	1.8776	0.7585	5.5009


UIPCC
==========================================
0.8681	0.6555	1.7905	0.6617	5.5238
0.8721	0.6583	1.7953	0.6634	5.5336
0.8761	0.6617	1.7988	0.6644	5.6382
0.8761	0.6622	1.8045	0.6619	5.6295
0.8712	0.6563	1.7967	0.6662	5.5343
0.8815	0.6658	1.7971	0.6785	5.8032
0.8836	0.6670	1.8073	0.6753	5.6816
0.8742	0.6592	1.8035	0.6630	5.5679
0.8814	0.6663	1.7976	0.6763	5.7800
0.8797	0.6644	1.8028	0.6794	5.6452
0.8781	0.6642	1.7990	0.6734	5.6951
0.8730	0.6578	1.8007	0.6653	5.4994
0.8761	0.6625	1.7958	0.6691	5.6777
0.8750	0.6610	1.8048	0.6709	5.5504
0.8766	0.6618	1.7970	0.6830	5.5677
0.8754	0.6613	1.7975	0.6649	5.6776
0.8694	0.6580	1.7878	0.6641	5.4564
0.8695	0.6552	1.7993	0.6548	5.3966
0.8793	0.6635	1.8009	0.6738	5.6532
0.8725	0.6577	1.7951	0.6652	5.6185


