Metric: | MAE	| NMAE	| RMSE	| MRE	| NPRE	
==========================================
UMEAN
Avg:	15.2327	1.3643	57.1934	4.0791	32.7546
Std:	0.2074	0.0214	0.3809	0.0906	0.8518
==========================================
IMEAN
Avg:	8.1613	0.7309	46.9544	0.5722	5.9644
Std:	0.0862	0.0084	0.7387	0.0026	0.0831
==========================================
UPCC
Avg:	10.2888	0.9215	46.3892	1.9434	19.9889
Std:	0.2649	0.0255	0.7284	0.0947	1.0840
==========================================
IPCC
Avg:	9.9613	0.8922	48.6281	0.7692	10.4910
Std:	0.2400	0.0231	1.0578	0.0071	0.2488
==========================================
UIPCC
Avg:	9.8068	0.8783	47.1077	1.5331	15.5669
Std:	0.2312	0.0224	0.7481	0.0594	0.5334
==========================================


Detailed results for 20 rounds:
==========================================
UMEAN
==========================================
15.0310	1.3429	56.8236	4.0576	32.6057
15.2542	1.3664	57.4354	4.0685	33.0688
15.1339	1.3548	57.2396	4.0497	32.5001
15.6652	1.4092	56.8460	4.1752	34.4542
14.9030	1.3296	57.5183	3.9511	32.5579
15.0977	1.3502	57.7571	4.0149	32.1944
15.2428	1.3653	57.2463	4.1830	32.6424
15.1672	1.3570	57.6394	4.0215	32.0014
14.9889	1.3389	57.5752	3.9532	31.3732
15.3208	1.3729	57.0165	4.2094	33.3394
15.6156	1.4040	57.2557	4.2728	34.3510
15.1422	1.3547	57.6542	3.9811	31.9973
14.9261	1.3337	57.1230	3.9757	31.5516
15.3924	1.3808	57.0661	4.1783	33.5586
15.5947	1.4010	56.9395	4.1835	34.1793
15.1403	1.3571	56.7211	3.9969	32.2577
15.2336	1.3645	57.2342	4.0654	32.5187
15.3172	1.3732	56.1669	4.0736	32.9687
15.2812	1.3682	57.0083	4.1002	31.9777
15.2050	1.3611	57.6012	4.0711	32.9942


IMEAN
==========================================
8.1800	0.7308	47.8077	0.5719	5.8374
8.0417	0.7203	46.1472	0.5709	5.9790
8.1588	0.7304	47.0010	0.5771	6.1048
8.1147	0.7300	45.6945	0.5709	5.9619
8.0973	0.7224	47.0441	0.5738	5.9589
8.0452	0.7195	46.4112	0.5736	5.9270
8.0732	0.7231	46.4385	0.5731	5.9538
8.0864	0.7235	46.7653	0.5715	5.8480
8.0630	0.7202	47.0021	0.5688	5.9552
8.1086	0.7266	46.1089	0.5748	6.0764
8.2506	0.7418	46.7792	0.5741	5.9381
8.0920	0.7239	46.3079	0.5747	6.0354
8.2300	0.7354	47.7624	0.5677	5.9577
8.2887	0.7436	46.6336	0.5746	6.0951
8.2157	0.7381	46.9134	0.5688	5.8634
8.3473	0.7482	47.8216	0.5711	5.9881
8.1316	0.7284	47.1124	0.5669	5.7987
8.2356	0.7383	48.9850	0.5736	5.9772
8.2165	0.7357	46.7174	0.5753	6.0783
8.2493	0.7384	47.6336	0.5716	5.9530


UPCC
==========================================
10.2293	0.9139	47.8978	1.9475	19.7897
10.2398	0.9172	45.6721	1.9606	20.0123
10.0109	0.8962	46.2546	1.8605	18.6978
10.9344	0.9836	45.2298	2.1393	23.0637
9.8958	0.8828	46.5800	1.7654	18.8146
10.0440	0.8983	45.7690	1.9179	19.8327
10.2874	0.9214	45.9864	1.9895	20.7478
9.9702	0.8921	46.2404	1.8093	18.2190
9.9552	0.8892	46.5577	1.8673	18.6121
10.3203	0.9248	45.2611	2.0219	20.5701
10.5615	0.9496	46.0813	2.0054	21.0572
10.1429	0.9074	45.6103	1.9560	19.7697
10.1151	0.9038	47.3330	1.8046	18.9304
10.6133	0.9521	46.1293	2.0698	20.8951
10.6439	0.9562	46.4069	2.0439	20.8760
10.5261	0.9435	47.1399	1.8957	20.1401
10.1522	0.9094	46.5888	1.9158	19.3658
10.4873	0.9402	47.6409	2.0263	20.7444
10.3480	0.9265	46.1883	2.0073	19.6790
10.2979	0.9218	47.2158	1.8647	19.9614


IPCC
==========================================
9.8097	0.8764	48.9918	0.7660	10.4325
10.0227	0.8978	47.8563	0.7601	10.5635
9.8753	0.8840	48.3045	0.7738	10.5816
10.3631	0.9322	48.8924	0.7689	10.9025
9.4228	0.8407	47.6196	0.7607	9.9768
9.8632	0.8821	47.5985	0.7791	10.7003
9.8133	0.8790	48.4104	0.7705	10.4025
9.7160	0.8693	47.6326	0.7675	10.2932
9.7742	0.8731	48.4142	0.7617	10.4547
9.8452	0.8822	47.7100	0.7591	10.3744
10.1399	0.9117	47.9553	0.7829	10.8697
9.8770	0.8836	47.3687	0.7798	10.6764
9.8176	0.8773	48.8913	0.7645	10.1786
10.1807	0.9133	49.8538	0.7707	10.2978
10.4185	0.9360	49.3646	0.7689	10.6889
10.0921	0.9046	49.7035	0.7664	10.2857
9.8047	0.8782	48.5668	0.7594	10.1178
10.2959	0.9231	52.0870	0.7711	10.5145
10.1911	0.9125	48.9815	0.7728	10.6857
9.9040	0.8866	48.3590	0.7806	10.8231


UIPCC
==========================================
9.6974	0.8664	47.9616	1.5219	15.4721
9.8217	0.8798	46.3636	1.5342	15.7356
9.6586	0.8646	46.9569	1.4945	15.0671
10.2732	0.9241	46.3997	1.6506	17.0001
9.3459	0.8338	46.8537	1.4187	14.7876
9.6598	0.8639	46.3760	1.5292	15.6167
9.7121	0.8699	46.7496	1.5689	15.7967
9.5479	0.8543	46.6838	1.4441	14.7633
9.5731	0.8551	47.1512	1.4648	14.9679
9.7534	0.8740	46.1279	1.5565	15.6460
10.0167	0.9006	46.6909	1.6159	16.1160
9.6932	0.8672	46.1972	1.5514	15.7125
9.6648	0.8636	47.7797	1.4510	14.8549
10.0574	0.9022	47.3820	1.5876	15.7734
10.2061	0.9169	47.3682	1.6005	16.1665
9.9748	0.8941	47.9396	1.5063	15.4504
9.6587	0.8651	47.2179	1.4993	15.0830
10.0777	0.9035	49.3567	1.5876	15.9655
9.9684	0.8925	47.0954	1.5659	15.6053
9.7750	0.8750	47.5028	1.5141	15.7585


