Metric: | MAE	| NMAE	| RMSE	| MRE	| NPRE	
==========================================
UMEAN
Avg:	1.2731	0.9614	2.3818	1.7819	10.3676
Std:	0.0037	0.0040	0.0044	0.0252	0.1120
==========================================
IMEAN
Avg:	1.1295	0.8529	2.2297	0.9354	6.9473
Std:	0.0037	0.0039	0.0029	0.0060	0.0942
==========================================
UPCC
Avg:	0.8893	0.6715	1.8344	0.6781	5.9642
Std:	0.0046	0.0042	0.0044	0.0106	0.1086
==========================================
IPCC
Avg:	0.9634	0.7275	1.9128	0.7657	5.8061
Std:	0.0052	0.0048	0.0042	0.0068	0.0908
==========================================
UIPCC
Avg:	0.8838	0.6674	1.8303	0.6695	5.8160
Std:	0.0044	0.0041	0.0043	0.0099	0.0973
==========================================


Detailed results for 20 rounds:
==========================================
UMEAN
==========================================
1.2722	0.9584	2.3840	1.7773	10.3338
1.2752	0.9622	2.3825	1.7890	10.4460
1.2702	0.9596	2.3796	1.7772	10.2893
1.2723	0.9618	2.3755	1.7804	10.3554
1.2750	0.9645	2.3795	1.7963	10.3948
1.2704	0.9592	2.3844	1.7668	10.2906
1.2654	0.9533	2.3904	1.7280	10.1888
1.2699	0.9565	2.3875	1.7557	10.3684
1.2750	0.9637	2.3836	1.8048	10.5352
1.2764	0.9642	2.3812	1.8104	10.4666
1.2731	0.9607	2.3844	1.7775	10.2598
1.2758	0.9651	2.3744	1.8052	10.4108
1.2678	0.9562	2.3830	1.7500	10.2588
1.2771	0.9653	2.3785	1.8067	10.3909
1.2715	0.9594	2.3862	1.7699	10.3005
1.2714	0.9613	2.3787	1.7608	10.3580
1.2769	0.9649	2.3799	1.8055	10.4257
1.2776	0.9661	2.3796	1.8088	10.4170
1.2688	0.9555	2.3891	1.7445	10.1898
1.2807	0.9696	2.3743	1.8236	10.6721


IMEAN
==========================================
1.1215	0.8448	2.2305	0.9275	6.8255
1.1314	0.8537	2.2333	0.9316	6.9713
1.1307	0.8542	2.2282	0.9312	6.9868
1.1333	0.8567	2.2282	0.9401	6.9964
1.1357	0.8592	2.2269	0.9439	7.0178
1.1299	0.8531	2.2297	0.9341	6.9478
1.1265	0.8486	2.2353	0.9334	6.7981
1.1218	0.8450	2.2299	0.9253	6.8200
1.1308	0.8547	2.2318	0.9461	7.0662
1.1296	0.8533	2.2309	0.9393	6.9744
1.1316	0.8540	2.2321	0.9379	7.0546
1.1327	0.8568	2.2251	0.9453	7.0247
1.1253	0.8487	2.2283	0.9276	6.8330
1.1302	0.8542	2.2303	0.9305	6.9325
1.1260	0.8496	2.2275	0.9297	6.9266
1.1310	0.8552	2.2265	0.9345	6.9311
1.1270	0.8516	2.2298	0.9320	6.8531
1.1349	0.8582	2.2308	0.9415	7.0919
1.1289	0.8501	2.2345	0.9394	6.8085
1.1308	0.8562	2.2239	0.9380	7.0855


UPCC
==========================================
0.8819	0.6644	1.8344	0.6625	5.9321
0.8916	0.6728	1.8398	0.6736	5.9868
0.8912	0.6732	1.8341	0.6828	5.9729
0.8932	0.6752	1.8313	0.6815	6.0080
0.8861	0.6704	1.8321	0.6789	5.9020
0.8893	0.6714	1.8379	0.6828	5.8821
0.8818	0.6643	1.8390	0.6688	5.6549
0.8874	0.6684	1.8320	0.6695	6.0489
0.8920	0.6742	1.8418	0.6775	5.9689
0.8844	0.6681	1.8406	0.6712	5.9317
0.8900	0.6716	1.8390	0.6713	5.9630
0.8931	0.6755	1.8292	0.6876	6.0559
0.8804	0.6640	1.8244	0.6646	5.8647
0.8970	0.6780	1.8347	0.6948	6.0522
0.8870	0.6693	1.8333	0.6875	5.8493
0.8965	0.6779	1.8331	0.6990	6.1303
0.8903	0.6728	1.8335	0.6914	6.0729
0.8908	0.6736	1.8295	0.6780	6.0874
0.8869	0.6679	1.8383	0.6576	5.8513
0.8941	0.6769	1.8300	0.6816	6.0694


IPCC
==========================================
0.9549	0.7193	1.9093	0.7533	5.6923
0.9657	0.7286	1.9190	0.7676	5.7998
0.9660	0.7298	1.9127	0.7661	5.8612
0.9649	0.7294	1.9098	0.7639	5.8573
0.9662	0.7310	1.9116	0.7739	5.8512
0.9587	0.7238	1.9114	0.7602	5.7365
0.9579	0.7216	1.9198	0.7608	5.6233
0.9539	0.7185	1.9087	0.7502	5.6711
0.9634	0.7281	1.9147	0.7670	5.8856
0.9640	0.7283	1.9166	0.7724	5.8319
0.9660	0.7290	1.9187	0.7640	5.7939
0.9719	0.7352	1.9115	0.7776	5.9480
0.9568	0.7217	1.9042	0.7574	5.7589
0.9684	0.7320	1.9146	0.7673	5.7771
0.9583	0.7231	1.9092	0.7625	5.7446
0.9666	0.7308	1.9124	0.7708	5.8402
0.9580	0.7239	1.9083	0.7652	5.7273
0.9717	0.7347	1.9156	0.7695	5.9961
0.9665	0.7279	1.9186	0.7685	5.8185
0.9678	0.7327	1.9088	0.7751	5.9064


UIPCC
==========================================
0.8764	0.6602	1.8298	0.6541	5.7358
0.8856	0.6682	1.8347	0.6650	5.8184
0.8860	0.6693	1.8299	0.6770	5.8677
0.8874	0.6708	1.8272	0.6705	5.8581
0.8820	0.6672	1.8280	0.6718	5.7654
0.8826	0.6664	1.8329	0.6719	5.7257
0.8772	0.6608	1.8366	0.6623	5.5508
0.8808	0.6635	1.8282	0.6592	5.8644
0.8867	0.6702	1.8371	0.6747	5.8127
0.8801	0.6648	1.8362	0.6641	5.8023
0.8842	0.6673	1.8349	0.6595	5.8013
0.8884	0.6720	1.8253	0.6807	5.9359
0.8755	0.6603	1.8205	0.6553	5.7297
0.8911	0.6735	1.8308	0.6821	5.9008
0.8812	0.6649	1.8288	0.6758	5.7294
0.8901	0.6730	1.8291	0.6870	5.9578
0.8836	0.6677	1.8289	0.6788	5.8644
0.8869	0.6706	1.8268	0.6712	5.9380
0.8824	0.6645	1.8344	0.6511	5.7299
0.8884	0.6726	1.8255	0.6778	5.9317


