Metric: | MAE	| NMAE	| RMSE	| MRE	| NPRE	
==========================================
UMEAN
Avg:	1.2713	0.9592	2.3815	1.7799	10.2996
Std:	0.0012	0.0026	0.0080	0.0168	0.0547
==========================================
IMEAN
Avg:	1.0996	0.8297	2.1716	1.1258	6.8548
Std:	0.0013	0.0025	0.0069	0.0106	0.0532
==========================================
UPCC
Avg:	0.7746	0.5845	1.7013	0.5457	4.1698
Std:	0.0042	0.0035	0.0062	0.0091	0.1144
==========================================
IPCC
Avg:	0.8687	0.6555	1.8039	0.6899	5.1854
Std:	0.0064	0.0053	0.0059	0.0055	0.1137
==========================================
UIPCC
Avg:	0.7715	0.5822	1.6948	0.5468	4.3022
Std:	0.0033	0.0029	0.0060	0.0073	0.0960
==========================================


Detailed results for 20 rounds:
==========================================
UMEAN
==========================================
1.2712	0.9601	2.3714	1.8001	10.3872
1.2703	0.9592	2.3753	1.7863	10.2699
1.2707	0.9617	2.3784	1.7914	10.3281
1.2693	0.9610	2.3665	1.7763	10.3300
1.2703	0.9633	2.3689	1.8042	10.3013
1.2722	0.9547	2.4012	1.7475	10.1818
1.2699	0.9558	2.3862	1.7623	10.2671
1.2726	0.9581	2.3883	1.7615	10.2675
1.2728	0.9630	2.3859	1.7989	10.3654
1.2710	0.9547	2.3900	1.7528	10.1971
1.2690	0.9589	2.3792	1.7879	10.2497
1.2723	0.9584	2.3771	1.7865	10.2554
1.2733	0.9555	2.3912	1.7566	10.2809
1.2724	0.9616	2.3801	1.7853	10.2924
1.2717	0.9625	2.3843	1.7889	10.3609
1.2699	0.9582	2.3804	1.7674	10.3130
1.2705	0.9606	2.3739	1.8039	10.3873
1.2710	0.9581	2.3831	1.7711	10.3319
1.2728	0.9603	2.3862	1.7885	10.2923
1.2719	0.9590	2.3825	1.7801	10.3336


IMEAN
==========================================
1.0989	0.8300	2.1769	1.1215	6.8291
1.0986	0.8295	2.1642	1.1275	6.8973
1.0992	0.8319	2.1624	1.1296	6.9657
1.1014	0.8340	2.1627	1.1288	6.9075
1.0973	0.8321	2.1568	1.1350	6.8850
1.0998	0.8254	2.1809	1.1079	6.8216
1.1012	0.8288	2.1766	1.1211	6.8314
1.1020	0.8297	2.1767	1.1282	6.8484
1.1006	0.8328	2.1728	1.1454	6.8949
1.0989	0.8254	2.1750	1.1007	6.8189
1.0988	0.8303	2.1664	1.1252	6.8635
1.0991	0.8278	2.1770	1.1239	6.7682
1.0989	0.8246	2.1822	1.1064	6.7739
1.0991	0.8306	2.1627	1.1273	6.8309
1.1001	0.8327	2.1701	1.1390	6.9640
1.1015	0.8311	2.1750	1.1270	6.8042
1.0989	0.8308	2.1751	1.1212	6.8400
1.0996	0.8289	2.1680	1.1358	6.8760
1.0976	0.8281	2.1748	1.1339	6.7982
1.1012	0.8303	2.1766	1.1305	6.8767


UPCC
==========================================
0.7768	0.5867	1.7043	0.5477	4.1261
0.7697	0.5812	1.6939	0.5402	4.0829
0.7718	0.5841	1.6911	0.5422	4.0837
0.7811	0.5914	1.6993	0.5568	4.3654
0.7723	0.5856	1.6908	0.5485	4.2502
0.7780	0.5839	1.7121	0.5454	4.1527
0.7781	0.5856	1.7110	0.5524	4.1384
0.7714	0.5807	1.7041	0.5312	3.9752
0.7771	0.5880	1.7045	0.5526	4.3064
0.7758	0.5828	1.7074	0.5379	4.1804
0.7687	0.5809	1.6998	0.5330	4.1038
0.7750	0.5838	1.7053	0.5443	4.2069
0.7743	0.5810	1.7063	0.5417	4.1528
0.7757	0.5862	1.6936	0.5505	4.2053
0.7743	0.5861	1.7013	0.5491	4.1726
0.7812	0.5895	1.7032	0.5647	4.2629
0.7758	0.5865	1.6999	0.5529	4.2894
0.7677	0.5787	1.6913	0.5326	4.0256
0.7672	0.5788	1.7033	0.5328	3.9448
0.7808	0.5887	1.7044	0.5576	4.3708


IPCC
==========================================
0.8688	0.6562	1.8016	0.6881	5.2511
0.8706	0.6574	1.7997	0.6905	5.2176
0.8781	0.6645	1.8028	0.6970	5.4243
0.8715	0.6599	1.7962	0.6967	5.1957
0.8674	0.6578	1.7980	0.6904	5.1998
0.8717	0.6542	1.8175	0.6876	5.1693
0.8743	0.6581	1.8075	0.6942	5.2545
0.8708	0.6556	1.8092	0.6863	5.1647
0.8712	0.6592	1.8066	0.6994	5.3044
0.8676	0.6517	1.8094	0.6832	5.0878
0.8727	0.6594	1.8080	0.6905	5.2817
0.8669	0.6530	1.8066	0.6855	5.0990
0.8645	0.6487	1.8068	0.6812	5.0964
0.8827	0.6671	1.8054	0.7005	5.3748
0.8593	0.6504	1.7972	0.6903	5.1295
0.8533	0.6439	1.7906	0.6845	4.9077
0.8608	0.6508	1.8013	0.6814	5.0808
0.8722	0.6575	1.8033	0.6931	5.2438
0.8637	0.6516	1.8094	0.6911	5.0897
0.8651	0.6523	1.8000	0.6860	5.1348


UIPCC
==========================================
0.7731	0.5839	1.6968	0.5478	4.2695
0.7680	0.5799	1.6876	0.5477	4.2290
0.7698	0.5826	1.6849	0.5471	4.2615
0.7774	0.5886	1.6913	0.5549	4.4776
0.7694	0.5834	1.6848	0.5488	4.3754
0.7746	0.5813	1.7059	0.5467	4.2857
0.7755	0.5837	1.7038	0.5570	4.2718
0.7697	0.5795	1.6978	0.5349	4.1487
0.7742	0.5858	1.6982	0.5545	4.4382
0.7719	0.5798	1.7004	0.5357	4.3028
0.7674	0.5798	1.6943	0.5371	4.2747
0.7716	0.5812	1.6990	0.5473	4.3233
0.7703	0.5781	1.6996	0.5376	4.2538
0.7747	0.5855	1.6876	0.5531	4.3650
0.7698	0.5826	1.6944	0.5502	4.3233
0.7746	0.5844	1.6955	0.5574	4.3118
0.7710	0.5829	1.6932	0.5482	4.4005
0.7669	0.5781	1.6861	0.5420	4.1963
0.7647	0.5769	1.6980	0.5340	4.0866
0.7760	0.5851	1.6971	0.5534	4.4486


