Metric: | MAE	| NMAE	| RMSE	| MRE	| NPRE	
==========================================
UMEAN
Avg:	14.8103	1.3450	52.8917	4.1033	31.4629
Std:	0.0333	0.0081	0.8682	0.0558	0.3896
==========================================
IMEAN
Avg:	7.4679	0.6782	40.9298	0.5621	6.4021
Std:	0.0412	0.0038	0.8181	0.0019	0.0447
==========================================
UPCC
Avg:	8.0808	0.7339	36.8023	1.3921	17.4028
Std:	0.0840	0.0091	0.9569	0.0660	0.4254
==========================================
IPCC
Avg:	8.5421	0.7757	40.6444	0.7157	9.9344
Std:	0.0905	0.0080	0.7951	0.0057	0.1304
==========================================
UIPCC
Avg:	8.0127	0.7277	38.2816	1.2462	14.4060
Std:	0.0711	0.0070	0.9282	0.0357	0.2269
==========================================


Detailed results for 20 rounds:
==========================================
UMEAN
==========================================
14.7628	1.3326	53.5050	4.0444	31.3001
14.7889	1.3374	52.6412	4.0257	31.0525
14.7924	1.3371	53.2228	4.0749	31.0935
14.8277	1.3543	52.7163	4.1920	31.8326
14.7615	1.3349	54.5298	4.0309	31.0366
14.7786	1.3380	51.8466	4.0596	31.1034
14.8716	1.3565	52.1870	4.1625	31.7668
14.8780	1.3629	50.6136	4.1567	32.1737
14.8176	1.3474	53.5900	4.1324	31.5963
14.7967	1.3417	54.0111	4.0727	31.1348
14.8129	1.3458	52.8929	4.1113	31.8559
14.8545	1.3529	53.3546	4.2034	32.0841
14.7791	1.3356	52.6840	4.0693	31.2264
14.8542	1.3559	51.8808	4.1435	32.0912
14.8259	1.3485	53.5205	4.1763	31.4625
14.8013	1.3457	53.0882	4.1200	31.5492
14.7873	1.3400	52.8653	4.0824	31.5049
14.7851	1.3404	52.2943	4.0057	30.8317
14.7997	1.3444	52.4746	4.0863	31.0957
14.8309	1.3480	53.9155	4.1153	31.4663


IMEAN
==========================================
7.4772	0.6750	41.3807	0.5611	6.3821
7.4377	0.6726	40.6914	0.5606	6.3542
7.5528	0.6827	41.2144	0.5637	6.3720
7.4124	0.6770	40.7726	0.5626	6.4349
7.4594	0.6746	42.4719	0.5620	6.3394
7.5316	0.6819	39.9309	0.5638	6.4212
7.4260	0.6774	40.2104	0.5639	6.4450
7.5147	0.6884	38.9063	0.5658	6.4001
7.4687	0.6791	41.6638	0.5622	6.3469
7.4625	0.6766	41.9525	0.5644	6.4210
7.4595	0.6777	40.9450	0.5611	6.4657
7.4645	0.6799	41.5806	0.5602	6.4325
7.5006	0.6778	40.5010	0.5603	6.4568
7.4494	0.6800	39.9931	0.5582	6.4185
7.4476	0.6774	41.4885	0.5623	6.3741
7.4457	0.6769	41.1758	0.5602	6.3657
7.5559	0.6847	41.0424	0.5613	6.4541
7.4390	0.6744	40.1308	0.5610	6.2996
7.4299	0.6749	40.6791	0.5653	6.4121
7.4227	0.6747	41.8655	0.5615	6.4472


UPCC
==========================================
8.1938	0.7397	37.8005	1.4612	18.0756
8.0322	0.7263	36.4135	1.3988	16.8056
8.0374	0.7265	36.8895	1.3446	17.0441
8.0489	0.7352	36.2068	1.4044	17.8921
8.0098	0.7243	38.6571	1.3781	17.2761
8.0758	0.7311	35.4353	1.4124	16.9364
8.2237	0.7501	36.1759	1.4980	18.0371
8.2296	0.7539	34.6763	1.4125	18.3139
8.1264	0.7389	37.5958	1.4629	17.5233
8.1414	0.7382	38.0727	1.3730	17.1655
7.9406	0.7214	36.5783	1.3004	17.0978
8.1035	0.7381	37.9196	1.4307	17.3996
7.9825	0.7214	36.0951	1.2913	17.0495
8.1902	0.7476	35.9593	1.5393	17.7674
7.9697	0.7249	37.1304	1.3269	17.4821
8.0078	0.7280	37.0665	1.3560	17.2246
8.1116	0.7350	37.0394	1.4168	17.3968
8.0604	0.7307	36.2371	1.3219	16.7416
8.1300	0.7385	36.2892	1.4144	17.2139
8.0010	0.7272	37.8087	1.2977	17.6126


IPCC
==========================================
8.6069	0.7770	41.2032	0.7217	10.2309
8.4841	0.7672	40.0815	0.7202	9.8539
8.7416	0.7902	41.3480	0.7161	10.0606
8.3713	0.7646	40.1720	0.7156	9.7771
8.5172	0.7702	42.0845	0.7163	9.9120
8.6390	0.7821	40.2564	0.7113	9.8228
8.5594	0.7807	40.0903	0.7229	9.9578
8.6043	0.7882	38.6455	0.7139	9.9327
8.5734	0.7796	41.4534	0.7229	9.9826
8.5956	0.7794	41.7061	0.7227	10.2086
8.6110	0.7823	40.5944	0.7151	9.9500
8.4531	0.7699	41.2208	0.7072	9.8224
8.5494	0.7726	39.9202	0.7162	10.0331
8.6050	0.7855	40.0256	0.7128	10.0474
8.4134	0.7653	41.0973	0.7099	9.7588
8.4634	0.7695	40.5588	0.7165	9.8375
8.5918	0.7786	40.5722	0.7027	9.8205
8.4118	0.7626	39.7383	0.7149	9.7803
8.5953	0.7808	40.6335	0.7258	9.9247
8.4555	0.7685	41.4855	0.7096	9.9742


UIPCC
==========================================
8.0926	0.7305	39.0935	1.3018	14.7801
7.9549	0.7194	37.7390	1.2400	14.1276
8.1219	0.7342	38.7183	1.2240	14.3050
7.9087	0.7224	37.8259	1.2493	14.5528
7.9731	0.7210	40.0503	1.2330	14.2388
8.0650	0.7302	37.2593	1.2320	14.0712
8.0769	0.7367	37.6260	1.3113	14.6791
8.1033	0.7423	36.0395	1.2662	14.7717
8.0530	0.7323	39.1816	1.2782	14.6412
8.0726	0.7320	39.5202	1.2683	14.4883
7.9971	0.7266	38.1434	1.2005	14.3530
7.9685	0.7258	39.1120	1.2459	14.2970
7.9803	0.7212	37.5315	1.1965	14.2607
8.0873	0.7382	37.4223	1.3120	14.7177
7.9006	0.7186	38.7903	1.2178	14.2777
7.9308	0.7210	38.4126	1.2348	14.2938
8.0660	0.7309	38.4029	1.2253	14.3628
7.9322	0.7191	37.5149	1.2009	13.9909
8.0468	0.7310	37.9993	1.2819	14.3351
7.9218	0.7200	39.2493	1.2043	14.5751


