Metric: | MAE	| NMAE	| RMSE	| MRE	| NPRE	
==========================================
UMEAN
Avg:	14.8036	1.3453	52.8179	4.1116	31.3799
Std:	0.0242	0.0078	1.3632	0.0320	0.2740
==========================================
IMEAN
Avg:	7.4300	0.6752	40.7165	0.5635	6.4111
Std:	0.0300	0.0033	1.3991	0.0021	0.0536
==========================================
UPCC
Avg:	7.7276	0.7023	35.5894	1.3056	17.0320
Std:	0.0806	0.0090	1.5664	0.0468	0.3234
==========================================
IPCC
Avg:	7.9497	0.7225	39.0736	0.6547	8.6490
Std:	0.0875	0.0073	1.7192	0.0041	0.1236
==========================================
UIPCC
Avg:	7.4836	0.6801	36.7582	1.1232	13.4272
Std:	0.0600	0.0057	1.7361	0.0292	0.1608
==========================================


Detailed results for 20 rounds:
==========================================
UMEAN
==========================================
14.8180	1.3534	51.6984	4.1458	31.5109
14.8182	1.3464	53.9384	4.1403	31.4484
14.8486	1.3622	52.2698	4.1495	31.8578
14.7959	1.3461	52.2036	4.1049	31.1707
14.8060	1.3493	50.7449	4.1244	31.3943
14.7932	1.3408	52.9806	4.0948	31.4334
14.7575	1.3370	55.5602	4.1018	31.2122
14.8224	1.3556	51.5985	4.1210	31.9008
14.8624	1.3549	50.1961	4.0964	31.8354
14.7973	1.3395	52.6551	4.0900	30.9458
14.7834	1.3373	53.4089	4.0788	31.1463
14.7802	1.3335	54.1708	4.0458	30.9291
14.7868	1.3401	53.4767	4.1375	31.1720
14.7833	1.3404	52.7013	4.0777	31.1284
14.7821	1.3380	51.1896	4.0792	31.2587
14.8114	1.3392	54.8681	4.1066	31.3676
14.7904	1.3463	51.8420	4.1226	31.2863
14.8050	1.3452	54.1266	4.1296	31.4747
14.7991	1.3431	54.0723	4.0926	31.4127
14.8313	1.3585	52.6568	4.1926	31.7133


IMEAN
==========================================
7.4487	0.6803	40.1928	0.5611	6.2960
7.4091	0.6732	41.8350	0.5608	6.4288
7.4153	0.6803	40.4308	0.5649	6.3765
7.4040	0.6736	39.9446	0.5669	6.4349
7.4294	0.6770	38.7065	0.5622	6.3862
7.3985	0.6706	40.7200	0.5643	6.3541
7.4133	0.6717	43.4537	0.5640	6.4720
7.4117	0.6778	39.3812	0.5675	6.4280
7.4062	0.6752	37.8751	0.5637	6.4672
7.4906	0.6781	40.8877	0.5616	6.3010
7.4601	0.6749	41.2321	0.5631	6.4242
7.5193	0.6784	41.9817	0.5616	6.4035
7.3995	0.6706	41.1751	0.5655	6.4640
7.4263	0.6733	40.4496	0.5631	6.4904
7.4218	0.6718	38.7598	0.5646	6.4803
7.4113	0.6701	42.8013	0.5617	6.3727
7.4335	0.6767	39.5813	0.5669	6.4408
7.4409	0.6761	42.0789	0.5598	6.4267
7.4349	0.6748	42.1525	0.5639	6.4101
7.4254	0.6801	40.6900	0.5637	6.3637


UPCC
==========================================
7.7223	0.7053	34.9982	1.2872	16.7993
7.6230	0.6927	36.7280	1.2267	16.4867
7.8052	0.7161	35.3458	1.3243	17.4450
7.8101	0.7106	35.0388	1.3633	17.1968
7.8302	0.7136	33.6959	1.3481	17.4203
7.7844	0.7056	35.7067	1.3617	17.3283
7.6461	0.6927	38.8149	1.2671	16.3351
7.6711	0.7016	33.5890	1.3583	16.9856
7.7233	0.7041	32.1224	1.2744	17.3661
7.7125	0.6982	35.7110	1.2835	16.7745
7.7935	0.7050	36.5394	1.3418	17.0573
7.7143	0.6960	36.7819	1.2157	16.6950
7.6480	0.6931	35.9923	1.2545	17.3032
7.7639	0.7039	35.1116	1.3386	17.1309
7.6924	0.6963	33.7999	1.3063	17.0448
7.5269	0.6806	37.3774	1.2259	16.9750
7.8333	0.7130	34.2205	1.3474	17.5851
7.6484	0.6949	36.9553	1.3237	16.7738
7.8015	0.7080	37.6316	1.3287	16.7998
7.8024	0.7147	35.6281	1.3341	17.1374


IPCC
==========================================
8.0282	0.7333	38.3329	0.6484	8.5317
7.7954	0.7083	40.1268	0.6487	8.5685
7.8340	0.7187	38.3741	0.6448	8.3866
7.9701	0.7251	37.6552	0.6594	8.6368
7.8604	0.7163	35.9204	0.6570	8.7591
7.9444	0.7201	39.2176	0.6549	8.6376
7.9521	0.7205	42.4443	0.6579	8.7821
7.8561	0.7185	37.2843	0.6609	8.5160
7.9745	0.7270	36.2935	0.6583	8.8848
8.0077	0.7249	39.3142	0.6537	8.6343
7.9126	0.7158	38.8711	0.6519	8.4830
8.1858	0.7385	40.8566	0.6546	8.7868
7.8610	0.7124	40.0620	0.6592	8.7741
7.9658	0.7223	38.9826	0.6573	8.7232
8.0147	0.7254	37.5865	0.6555	8.7194
7.8889	0.7133	41.3688	0.6498	8.5206
7.9196	0.7209	37.5848	0.6570	8.6026
8.0496	0.7314	40.9620	0.6559	8.7878
8.0179	0.7277	41.3411	0.6573	8.6045
7.9557	0.7287	38.8940	0.6522	8.6400


UIPCC
==========================================
7.5143	0.6863	35.9630	1.1035	13.3770
7.3681	0.6695	38.0102	1.0699	13.0887
7.4490	0.6834	36.2642	1.1187	13.3799
7.5200	0.6842	35.5862	1.1613	13.4514
7.4678	0.6805	33.9352	1.1553	13.6244
7.4983	0.6796	36.8648	1.1486	13.6767
7.4729	0.6771	40.2941	1.0834	13.1994
7.3984	0.6766	34.8463	1.1562	13.3656
7.4826	0.6821	33.4837	1.1247	13.7976
7.5181	0.6806	36.9979	1.0957	13.2797
7.5005	0.6785	37.0588	1.1296	13.3989
7.6283	0.6882	38.3807	1.0952	13.3670
7.3970	0.6704	37.5431	1.1055	13.5706
7.5136	0.6813	36.5572	1.1584	13.5110
7.5011	0.6789	35.0023	1.1211	13.3506
7.3785	0.6671	39.0083	1.0738	13.3826
7.4976	0.6825	35.2916	1.1673	13.5103
7.5032	0.6818	38.4852	1.1414	13.2825
7.5417	0.6845	38.9651	1.1195	13.3909
7.5202	0.6888	36.6263	1.1338	13.5388


