Metric: | MAE	| NMAE	| RMSE	| MRE	| NPRE	
==========================================
UMEAN
Avg:	14.5462	1.3386	52.1980	3.9884	28.8642
Std:	0.0446	0.0106	0.7326	0.0564	0.3504
==========================================
IMEAN
Avg:	7.4172	0.6826	40.2217	0.5649	6.9549
Std:	0.0396	0.0030	0.6627	0.0020	0.0565
==========================================
UPCC
Avg:	8.0804	0.7436	36.3427	1.3614	16.7286
Std:	0.1108	0.0124	0.8770	0.0704	0.4842
==========================================
IPCC
Avg:	8.5126	0.7833	40.0842	0.7244	10.3619
Std:	0.1253	0.0099	0.7054	0.0048	0.1554
==========================================
UIPCC
Avg:	7.9986	0.7361	37.7337	1.2391	14.0351
Std:	0.0843	0.0075	0.8000	0.0331	0.1773
==========================================


Detailed results for 20 rounds:
==========================================
UMEAN
==========================================
14.5717	1.3483	51.6775	4.0896	28.8796
14.5706	1.3464	51.3715	4.0293	28.9780
14.4778	1.3224	53.1640	3.9127	28.3386
14.4830	1.3226	52.6487	3.9338	28.3328
14.5024	1.3269	53.3978	3.9384	28.7048
14.5359	1.3376	52.4601	3.9888	28.7481
14.5253	1.3360	53.0820	3.9733	28.8881
14.5383	1.3358	51.3658	3.9469	28.4703
14.4774	1.3230	51.5661	3.8926	28.7191
14.5969	1.3438	51.7734	3.9793	29.0021
14.5422	1.3351	51.8962	3.9951	28.9068
14.5089	1.3303	52.7143	3.9489	28.6258
14.5904	1.3501	50.6821	3.9804	29.0171
14.5636	1.3391	52.5406	3.9584	28.7317
14.6350	1.3605	51.7818	4.0837	29.3705
14.5384	1.3384	51.3952	3.9736	28.8410
14.5337	1.3337	52.5611	3.9797	28.9529
14.5413	1.3414	53.1577	4.0128	28.9008
14.5547	1.3425	52.8001	4.0458	28.8793
14.6369	1.3587	51.9241	4.1048	29.9967


IMEAN
==========================================
7.3725	0.6822	39.8184	0.5650	7.0255
7.3724	0.6813	39.4172	0.5694	7.0769
7.4450	0.6800	40.8985	0.5660	7.0215
7.4575	0.6811	40.3795	0.5618	6.9143
7.4178	0.6787	41.1956	0.5629	6.9288
7.4298	0.6837	40.5447	0.5617	6.8223
7.4184	0.6823	40.9655	0.5684	6.9756
7.4815	0.6874	39.6847	0.5655	6.8814
7.4960	0.6850	39.3819	0.5624	6.9484
7.3910	0.6804	39.5751	0.5659	6.9232
7.4185	0.6811	39.7914	0.5655	7.0130
7.3991	0.6784	40.5924	0.5635	6.9764
7.4467	0.6891	39.0639	0.5643	6.9985
7.4623	0.6862	40.9717	0.5643	6.9000
7.3810	0.6861	40.2851	0.5664	6.9526
7.4415	0.6851	39.3271	0.5668	6.9711
7.4083	0.6798	40.3682	0.5647	6.9850
7.3511	0.6781	41.2253	0.5663	6.9430
7.3981	0.6824	40.8520	0.5626	6.9101
7.3555	0.6828	40.0954	0.5653	6.9304


UPCC
==========================================
8.0885	0.7484	36.5734	1.4029	16.8379
8.0572	0.7445	35.7389	1.2918	16.8205
8.0973	0.7396	37.2185	1.2684	16.4888
7.9767	0.7285	36.8581	1.3097	16.0999
7.8786	0.7209	37.0983	1.3146	15.8772
8.1943	0.7541	37.1247	1.3592	17.0206
8.0514	0.7406	37.3560	1.3301	16.8054
8.1252	0.7465	35.6094	1.3609	16.1811
7.9670	0.7281	34.6075	1.3370	16.6611
8.1723	0.7523	35.5535	1.3855	17.1244
8.1262	0.7461	35.8043	1.4366	16.8644
8.0846	0.7412	36.5125	1.3245	16.5286
8.1621	0.7553	34.9459	1.4490	16.7332
8.2390	0.7576	37.6391	1.4701	16.7061
8.2163	0.7638	36.3317	1.4954	17.1688
7.9363	0.7306	34.7523	1.2324	16.1056
8.0451	0.7383	36.4855	1.3110	16.7371
7.9940	0.7374	37.2209	1.3754	16.7857
7.9066	0.7293	36.6525	1.3106	16.7822
8.2896	0.7695	36.7719	1.4634	18.2427


IPCC
==========================================
8.3787	0.7753	39.5366	0.7211	10.3953
8.4337	0.7793	39.1952	0.7265	10.3648
8.7684	0.8009	41.2088	0.7366	10.6265
8.5763	0.7832	40.3266	0.7269	10.5503
8.5394	0.7813	40.9632	0.7319	10.5038
8.5414	0.7860	40.2740	0.7229	10.2746
8.4419	0.7765	40.6456	0.7302	10.3423
8.6855	0.7980	40.0426	0.7235	10.4584
8.5838	0.7844	39.3639	0.7178	10.3970
8.5101	0.7834	39.5511	0.7228	10.2493
8.4018	0.7714	39.2889	0.7230	10.3569
8.6443	0.7926	40.8469	0.7253	10.4322
8.6880	0.8039	39.3254	0.7266	10.2864
8.4745	0.7792	40.8546	0.7180	10.1829
8.3726	0.7783	39.4753	0.7201	10.1393
8.5488	0.7870	38.7625	0.7231	10.5005
8.6066	0.7898	40.4927	0.7266	10.6673
8.2831	0.7641	40.9096	0.7249	10.1153
8.3492	0.7701	40.5914	0.7162	10.1458
8.4233	0.7819	40.0285	0.7245	10.2500


UIPCC
==========================================
7.9197	0.7328	37.5369	1.2360	14.0629
7.9352	0.7333	36.9412	1.2148	13.9772
8.1634	0.7457	38.7177	1.2234	14.1629
8.0120	0.7317	38.1807	1.2029	13.8190
7.9476	0.7272	38.6884	1.2162	13.7070
8.0526	0.7410	38.1474	1.2365	14.1315
7.9490	0.7311	38.5851	1.2307	14.0966
8.1193	0.7460	37.2452	1.2354	14.0703
7.9909	0.7303	36.5496	1.2038	14.0825
8.0336	0.7396	37.0654	1.2375	14.0807
7.9571	0.7305	37.1256	1.2833	14.1231
8.0831	0.7411	38.2009	1.2192	14.1056
8.1105	0.7505	36.4533	1.2788	13.9473
8.0440	0.7397	38.8048	1.2739	13.9115
7.9695	0.7408	37.4078	1.3007	14.1010
7.9640	0.7332	36.2367	1.1852	13.8824
8.0408	0.7379	37.9910	1.2363	14.1986
7.8363	0.7229	38.7326	1.2413	13.8157
7.8344	0.7226	38.2632	1.2138	13.8711
8.0080	0.7433	37.8013	1.3121	14.5551


