Metric: | MAE	| NMAE	| RMSE	| MRE	| NPRE	
==========================================
UMEAN
Avg:	14.6079	1.3421	52.3417	3.8566	28.9571
Std:	0.1713	0.0183	0.3387	0.0981	0.8163
==========================================
IMEAN
Avg:	7.9927	0.7343	42.6970	0.5718	6.8035
Std:	0.1234	0.0118	0.8689	0.0023	0.0889
==========================================
UPCC
Avg:	9.8691	0.9067	42.0825	1.8091	18.1008
Std:	0.1898	0.0189	0.8517	0.0767	0.6403
==========================================
IPCC
Avg:	9.6297	0.8847	44.3871	0.7770	10.9600
Std:	0.2114	0.0207	1.1549	0.0102	0.2882
==========================================
UIPCC
Avg:	9.4474	0.8680	42.8328	1.4775	15.0478
Std:	0.1877	0.0186	0.8750	0.0538	0.4367
==========================================


Detailed results for 20 rounds:
==========================================
UMEAN
==========================================
14.6329	1.3443	52.3657	3.8557	28.9935
14.8108	1.3638	51.8666	4.0025	29.4530
14.4571	1.3248	52.7824	3.8180	28.1292
14.3620	1.3136	52.5670	3.7253	27.5529
14.3995	1.3222	52.8927	3.8108	28.9349
14.6148	1.3432	52.4890	3.8972	28.7110
14.5392	1.3346	52.6297	3.7982	28.9635
14.5232	1.3338	52.7291	3.8183	28.2818
14.3787	1.3177	52.2871	3.6788	28.0921
14.6427	1.3464	52.0892	3.8754	28.9982
14.2630	1.3057	52.8883	3.7418	28.0097
14.8028	1.3622	52.3483	3.9711	29.5716
14.7302	1.3554	51.8805	3.9395	30.5640
14.6758	1.3486	52.4123	3.7872	28.9940
14.9862	1.3827	52.2506	4.0485	30.8696
14.6279	1.3440	51.7882	3.7637	28.4088
14.7442	1.3566	51.8149	3.9885	29.8672
14.5881	1.3410	52.1245	3.7911	28.6907
14.6735	1.3485	52.1717	3.8887	28.5649
14.7056	1.3525	52.4571	3.9322	29.4921


IMEAN
==========================================
7.9858	0.7337	42.3915	0.5760	7.0002
7.9422	0.7313	42.0319	0.5726	6.7859
7.9515	0.7287	42.5429	0.5710	6.7677
8.0500	0.7363	43.3289	0.5730	6.8049
7.7837	0.7147	41.9884	0.5717	6.8078
7.9270	0.7285	42.9937	0.5656	6.6860
7.8683	0.7222	42.3345	0.5736	6.7657
8.0013	0.7348	42.5001	0.5752	6.9236
7.9534	0.7289	42.2488	0.5711	6.7483
8.3832	0.7709	45.3274	0.5682	6.8252
7.8700	0.7205	42.4770	0.5724	6.6757
7.9695	0.7334	41.9544	0.5729	6.8414
8.1010	0.7454	43.8696	0.5709	6.9971
7.9220	0.7280	41.8766	0.5704	6.7409
8.0396	0.7418	42.5978	0.5723	6.8832
8.1458	0.7484	42.8231	0.5738	6.7788
8.0368	0.7395	44.2025	0.5696	6.7087
7.9250	0.7285	41.8230	0.5738	6.8085
8.0856	0.7430	42.6746	0.5714	6.8140
7.9126	0.7278	41.9521	0.5697	6.7060


UPCC
==========================================
9.8195	0.9021	41.6413	1.8530	17.9388
9.9224	0.9136	41.5163	1.9054	18.6140
9.7183	0.8906	41.9599	1.7522	17.4546
9.7203	0.8891	42.5972	1.7324	16.8909
9.5832	0.8800	41.4068	1.7670	18.2857
9.8605	0.9062	42.4651	1.7943	18.0560
9.6333	0.8842	41.6957	1.7398	17.8067
9.7943	0.8995	41.8717	1.7987	17.3195
9.6626	0.8855	41.5131	1.6617	17.2838
10.1864	0.9367	44.3730	1.7372	18.0969
9.5755	0.8766	41.8216	1.7866	17.9768
9.9405	0.9147	41.4546	1.8791	18.2464
10.0206	0.9220	43.9963	1.8500	18.9088
9.8736	0.9073	41.3171	1.7563	17.8442
10.3328	0.9534	42.2203	2.0331	19.6463
9.9818	0.9171	41.8382	1.8289	17.6894
10.0121	0.9212	43.2937	1.8394	18.8317
9.8186	0.9025	41.2275	1.7902	18.3352
9.9875	0.9178	41.9382	1.8292	17.8698
9.9388	0.9141	41.5032	1.8472	18.9200


IPCC
==========================================
9.7280	0.8937	44.2451	0.7993	11.2826
9.9596	0.9171	46.7935	0.7906	11.5738
9.4000	0.8614	43.4766	0.7704	10.7776
9.5382	0.8724	44.6125	0.7866	10.8640
9.4588	0.8685	43.1096	0.7873	11.2153
9.6342	0.8854	44.5160	0.7748	10.9815
9.4841	0.8705	43.8713	0.7683	10.7283
9.4314	0.8662	43.5089	0.7717	10.7776
9.3841	0.8600	43.7974	0.7598	10.4040
10.0537	0.9245	46.8349	0.7749	10.9446
9.2466	0.8465	43.1973	0.7794	10.7855
9.6086	0.8842	43.4025	0.7797	11.1240
9.8653	0.9077	45.7865	0.7839	11.3895
9.4580	0.8691	43.1500	0.7651	10.6673
9.8347	0.9074	44.5024	0.7772	11.1806
9.8044	0.9008	45.1839	0.7620	10.7089
9.8233	0.9038	46.1827	0.7901	11.2045
9.4662	0.8701	43.9716	0.7698	10.5495
9.7473	0.8958	44.2168	0.7819	11.0442
9.6668	0.8891	43.3820	0.7672	10.9956


UIPCC
==========================================
9.4900	0.8718	42.5193	1.5241	15.2058
9.6503	0.8886	43.3762	1.5496	15.5557
9.2577	0.8484	42.4317	1.4186	14.6472
9.3512	0.8553	43.2983	1.4263	14.5035
9.2402	0.8485	41.9536	1.4686	15.5131
9.4451	0.8680	43.1158	1.4680	15.0009
9.2683	0.8507	42.4232	1.4238	14.9812
9.3088	0.8549	42.3977	1.4636	14.5256
9.2207	0.8450	42.2797	1.3641	14.3340
9.8320	0.9041	45.2414	1.4683	14.8972
9.1110	0.8341	42.2777	1.4542	14.7146
9.4554	0.8701	42.0368	1.5230	15.1832
9.6378	0.8868	44.3194	1.5138	15.5937
9.3456	0.8588	41.8797	1.4329	14.8053
9.7316	0.8979	42.8617	1.6089	16.0037
9.5976	0.8818	43.0760	1.4583	14.7664
9.6216	0.8853	44.2544	1.5297	15.6032
9.3280	0.8574	42.1578	1.4512	14.7912
9.5615	0.8787	42.7039	1.5053	14.8788
9.4933	0.8731	42.0520	1.4973	15.4527


