Metric: | MAE	| NMAE	| RMSE	| MRE	| NPRE	
==========================================
UMEAN
Avg:	14.5360	1.3375	52.2669	4.0104	28.9392
Std:	0.0140	0.0092	1.2332	0.0438	0.2729
==========================================
IMEAN
Avg:	7.3400	0.6754	40.0607	0.5668	6.9738
Std:	0.0408	0.0034	1.3201	0.0017	0.0481
==========================================
UPCC
Avg:	7.5574	0.6954	34.2349	1.2176	16.8196
Std:	0.1004	0.0103	1.4533	0.0623	0.3573
==========================================
IPCC
Avg:	7.5962	0.6989	37.3777	0.6323	8.5034
Std:	0.0887	0.0075	1.6052	0.0061	0.1207
==========================================
UIPCC
Avg:	7.1798	0.6606	35.0826	1.0719	12.8919
Std:	0.0627	0.0057	1.6203	0.0302	0.1686
==========================================


Detailed results for 20 rounds:
==========================================
UMEAN
==========================================
14.5292	1.3409	51.6148	4.0553	28.8427
14.5459	1.3465	50.5577	4.0263	29.3802
14.5323	1.3425	52.7204	4.0335	29.0623
14.5524	1.3353	51.2641	4.0007	29.0277
14.5279	1.3240	54.9290	3.9542	28.5318
14.5329	1.3324	52.4791	4.0128	29.0062
14.5231	1.3342	53.7341	3.9916	28.7114
14.5208	1.3331	51.9317	3.9437	28.4665
14.5221	1.3277	52.1663	3.9436	28.9373
14.5656	1.3287	53.0614	3.9549	28.6598
14.5390	1.3327	51.3448	4.0139	28.9640
14.5596	1.3303	52.1956	3.9642	28.6192
14.5257	1.3428	50.1204	4.0023	29.0581
14.5574	1.3358	51.9562	3.9825	28.7651
14.5292	1.3604	50.8259	4.1018	29.5081
14.5247	1.3538	50.6705	4.0684	29.4395
14.5465	1.3244	53.3760	4.0058	28.9368
14.5128	1.3401	53.7190	4.0395	28.9629
14.5366	1.3456	53.4123	4.0640	28.8607
14.5353	1.3389	53.2592	4.0497	29.0428


IMEAN
==========================================
7.3114	0.6748	39.4450	0.5663	7.0056
7.2660	0.6726	38.0222	0.5685	7.0282
7.3255	0.6767	40.7092	0.5683	7.0451
7.2992	0.6697	38.4006	0.5671	6.9678
7.3777	0.6724	42.6966	0.5660	6.9236
7.3707	0.6757	40.4563	0.5633	6.8862
7.3789	0.6779	41.7322	0.5695	6.9544
7.3552	0.6753	39.6064	0.5671	7.0028
7.3938	0.6760	39.7113	0.5663	6.9980
7.3970	0.6748	40.7695	0.5646	6.9269
7.3792	0.6764	39.2077	0.5661	6.9897
7.3353	0.6702	39.6374	0.5657	6.9583
7.3060	0.6754	37.8403	0.5666	6.9911
7.4089	0.6798	39.7334	0.5674	6.8934
7.3030	0.6838	39.0941	0.5683	7.0734
7.2927	0.6797	38.6313	0.5694	7.0144
7.3642	0.6705	40.8200	0.5654	6.9419
7.2890	0.6731	41.7997	0.5685	6.9957
7.3249	0.6780	41.5740	0.5637	6.9541
7.3217	0.6744	41.3264	0.5669	6.9255


UPCC
==========================================
7.5592	0.6976	34.4225	1.2105	16.6662
7.5343	0.6974	32.0390	1.2503	17.0177
7.5338	0.6960	34.7022	1.2016	16.7594
7.4900	0.6872	32.2753	1.2201	16.6461
7.4039	0.6747	37.3244	1.1643	15.6347
7.6427	0.7007	34.8808	1.2468	17.4520
7.5632	0.6948	36.1020	1.1928	16.8202
7.7079	0.7077	34.0649	1.2553	17.1071
7.5712	0.6922	33.4874	1.2667	16.7811
7.6562	0.6984	34.9460	1.1673	16.7468
7.6351	0.6998	33.6755	1.1951	16.8822
7.6241	0.6966	33.7345	1.1928	16.6450
7.4838	0.6918	31.6373	1.1964	16.5980
7.7632	0.7123	34.0407	1.3885	16.9074
7.5175	0.7039	32.9710	1.2650	17.0507
7.5420	0.7030	32.5735	1.1620	16.8874
7.2976	0.6644	34.5577	1.0557	16.5214
7.5796	0.6999	35.5775	1.2634	17.2247
7.4903	0.6933	35.8523	1.2074	16.8233
7.5527	0.6957	35.8340	1.2503	17.2211


IPCC
==========================================
7.6400	0.7051	36.9220	0.6413	8.6990
7.5111	0.6953	35.3670	0.6331	8.4741
7.5508	0.6975	37.7414	0.6310	8.5078
7.4581	0.6843	35.2633	0.6221	8.3858
7.7584	0.7071	40.7163	0.6398	8.6492
7.6660	0.7028	37.8360	0.6362	8.4861
7.7276	0.7099	39.5184	0.6397	8.5322
7.6443	0.7018	36.0475	0.6310	8.7250
7.6954	0.7035	37.1105	0.6386	8.5668
7.5641	0.6900	37.6970	0.6312	8.3865
7.5684	0.6937	36.1670	0.6282	8.3686
7.5799	0.6926	36.9862	0.6274	8.5366
7.6538	0.7075	34.8918	0.6399	8.6454
7.5695	0.6946	37.0903	0.6254	8.3809
7.5408	0.7061	35.9393	0.6263	8.3736
7.5139	0.7003	35.8539	0.6346	8.5318
7.6346	0.6951	38.4762	0.6240	8.4627
7.4236	0.6855	39.1660	0.6270	8.2844
7.5146	0.6956	39.1755	0.6278	8.4231
7.7093	0.7101	39.5889	0.6412	8.6479


UIPCC
==========================================
7.2078	0.6652	34.8485	1.0809	12.8774
7.1003	0.6573	32.8627	1.0801	12.9200
7.1468	0.6602	35.5508	1.0688	12.8837
7.0663	0.6484	32.9580	1.0487	12.7810
7.2352	0.6594	38.4924	1.0452	12.4498
7.2564	0.6653	35.6173	1.0958	13.1467
7.2571	0.6667	37.2180	1.0678	12.9284
7.2648	0.6670	34.0957	1.0849	13.3223
7.2382	0.6618	34.5979	1.1135	12.9023
7.2085	0.6576	35.5996	1.0453	12.7685
7.2022	0.6602	34.1000	1.0666	12.8019
7.1974	0.6576	34.6472	1.0494	12.8059
7.1680	0.6626	32.3637	1.0636	12.8589
7.2481	0.6651	34.9474	1.1370	12.9325
7.1330	0.6679	33.6825	1.0813	12.8865
7.1158	0.6632	33.3284	1.0650	12.9196
7.1030	0.6467	35.8453	0.9841	12.7426
7.0936	0.6550	36.8540	1.0941	12.9562
7.1229	0.6593	36.9890	1.0722	12.8487
7.2315	0.6661	37.0546	1.0932	13.1056


