Metric: | MAE	| NMAE	| RMSE	| MRE	| NPRE	
==========================================
UMEAN
Avg:	1.2862	0.9200	2.4134	1.6619	10.0539
Std:	0.0014	0.0020	0.0053	0.0134	0.0717
==========================================
IMEAN
Avg:	1.1843	0.8471	2.2626	1.2268	7.1729
Std:	0.0013	0.0020	0.0045	0.0084	0.0674
==========================================
UPCC
Avg:	0.7908	0.5656	1.7233	0.5248	3.7310
Std:	0.0039	0.0029	0.0066	0.0064	0.0934
==========================================
IPCC
Avg:	0.9172	0.6561	1.8436	0.7277	5.3153
Std:	0.0053	0.0045	0.0063	0.0057	0.0978
==========================================
UIPCC
Avg:	0.7924	0.5668	1.7186	0.5378	3.9794
Std:	0.0032	0.0026	0.0063	0.0045	0.0758
==========================================


Detailed results for 20 rounds:
==========================================
UMEAN
==========================================
1.2861	0.9161	2.4155	1.6530	9.9671
1.2857	0.9207	2.4183	1.6498	9.9735
1.2856	0.9186	2.4146	1.6560	9.9920
1.2876	0.9197	2.4228	1.6560	10.0797
1.2854	0.9200	2.4119	1.6580	10.0558
1.2863	0.9216	2.4094	1.6610	10.1322
1.2836	0.9192	2.4096	1.6419	9.9667
1.2874	0.9230	2.4079	1.6852	10.1824
1.2884	0.9198	2.4230	1.6563	10.0568
1.2877	0.9170	2.4223	1.6541	10.0138
1.2862	0.9195	2.4134	1.6577	9.9846
1.2827	0.9166	2.4124	1.6359	9.9405
1.2874	0.9231	2.4114	1.6712	10.0790
1.2865	0.9243	2.4062	1.6934	10.1884
1.2860	0.9205	2.4030	1.6811	10.1248
1.2851	0.9196	2.4098	1.6684	10.0073
1.2879	0.9207	2.4150	1.6631	10.0647
1.2861	0.9196	2.4151	1.6698	10.1427
1.2852	0.9210	2.4086	1.6641	10.0459
1.2877	0.9190	2.4169	1.6616	10.0807


IMEAN
==========================================
1.1858	0.8446	2.2720	1.2171	7.0476
1.1864	0.8496	2.2576	1.2394	7.2325
1.1842	0.8462	2.2648	1.2200	7.1622
1.1827	0.8448	2.2646	1.2157	7.1695
1.1845	0.8478	2.2574	1.2356	7.2649
1.1822	0.8470	2.2647	1.2223	7.1589
1.1842	0.8479	2.2535	1.2428	7.2194
1.1845	0.8492	2.2586	1.2335	7.2443
1.1856	0.8464	2.2677	1.2256	7.1674
1.1836	0.8429	2.2671	1.2166	7.0171
1.1859	0.8478	2.2640	1.2338	7.1529
1.1847	0.8465	2.2626	1.2208	7.2048
1.1852	0.8499	2.2615	1.2362	7.2096
1.1854	0.8517	2.2580	1.2380	7.2442
1.1839	0.8473	2.2587	1.2221	7.2363
1.1823	0.8460	2.2672	1.2249	7.0763
1.1851	0.8473	2.2684	1.2171	7.1401
1.1849	0.8472	2.2607	1.2280	7.2471
1.1818	0.8469	2.2593	1.2283	7.1278
1.1827	0.8440	2.2641	1.2189	7.1344


UPCC
==========================================
0.7927	0.5647	1.7329	0.5229	3.7383
0.7941	0.5687	1.7342	0.5242	3.7127
0.7862	0.5618	1.7247	0.5144	3.5682
0.7887	0.5634	1.7227	0.5178	3.6882
0.7918	0.5667	1.7220	0.5340	3.8477
0.7955	0.5699	1.7266	0.5337	3.9165
0.7867	0.5633	1.7144	0.5274	3.6694
0.7932	0.5687	1.7212	0.5291	3.7530
0.7986	0.5701	1.7352	0.5326	3.8357
0.7934	0.5651	1.7197	0.5262	3.7649
0.7918	0.5661	1.7274	0.5216	3.6672
0.7888	0.5636	1.7221	0.5242	3.7482
0.7948	0.5699	1.7226	0.5347	3.8919
0.7875	0.5658	1.7234	0.5235	3.6796
0.7860	0.5626	1.7088	0.5201	3.6784
0.7945	0.5685	1.7277	0.5284	3.7839
0.7929	0.5669	1.7293	0.5285	3.7207
0.7833	0.5601	1.7155	0.5101	3.5862
0.7891	0.5655	1.7211	0.5229	3.7779
0.7869	0.5616	1.7156	0.5190	3.5915


IPCC
==========================================
0.9128	0.6502	1.8448	0.7190	5.1770
0.9148	0.6551	1.8393	0.7343	5.3046
0.9183	0.6562	1.8443	0.7327	5.2696
0.9187	0.6562	1.8460	0.7316	5.3482
0.9230	0.6606	1.8473	0.7335	5.4116
0.9114	0.6529	1.8453	0.7220	5.2249
0.9125	0.6534	1.8333	0.7224	5.3391
0.9195	0.6592	1.8427	0.7279	5.3646
0.9191	0.6562	1.8534	0.7252	5.2733
0.9100	0.6481	1.8430	0.7197	5.1490
0.9205	0.6581	1.8447	0.7330	5.3737
0.9127	0.6521	1.8426	0.7200	5.2312
0.9226	0.6616	1.8490	0.7318	5.3376
0.9234	0.6635	1.8444	0.7336	5.4665
0.9097	0.6511	1.8286	0.7158	5.3301
0.9212	0.6592	1.8508	0.7292	5.3754
0.9225	0.6595	1.8555	0.7299	5.3487
0.9277	0.6633	1.8442	0.7333	5.5464
0.9147	0.6554	1.8385	0.7314	5.2778
0.9096	0.6491	1.8352	0.7283	5.1557


UIPCC
==========================================
0.7938	0.5654	1.7276	0.5376	3.9533
0.7944	0.5689	1.7271	0.5342	3.9347
0.7883	0.5633	1.7193	0.5292	3.8370
0.7912	0.5651	1.7191	0.5358	3.9423
0.7934	0.5679	1.7174	0.5423	4.0994
0.7946	0.5693	1.7217	0.5388	4.1295
0.7880	0.5642	1.7086	0.5366	3.9350
0.7948	0.5698	1.7161	0.5436	4.0104
0.7989	0.5704	1.7303	0.5453	4.0539
0.7935	0.5651	1.7158	0.5368	3.9644
0.7942	0.5678	1.7225	0.5367	3.9627
0.7904	0.5648	1.7176	0.5372	4.0035
0.7967	0.5712	1.7190	0.5467	4.1060
0.7907	0.5681	1.7184	0.5384	3.9562
0.7876	0.5637	1.7041	0.5354	3.9286
0.7957	0.5693	1.7229	0.5363	4.0404
0.7949	0.5683	1.7254	0.5422	3.9633
0.7888	0.5640	1.7117	0.5350	3.8934
0.7909	0.5667	1.7161	0.5399	4.0078
0.7881	0.5624	1.7120	0.5284	3.8670


