Metric: | MAE	| NMAE	| RMSE	| MRE	| NPRE	
==========================================
UMEAN
Avg:	14.3773	1.3451	51.2207	3.9446	30.5718
Std:	0.1706	0.0187	0.4207	0.0852	0.9556
==========================================
IMEAN
Avg:	7.8182	0.7314	41.0850	0.5744	6.8294
Std:	0.1351	0.0136	0.8689	0.0027	0.0815
==========================================
UPCC
Avg:	9.6578	0.9036	40.3701	1.8856	18.9261
Std:	0.3144	0.0309	0.7372	0.0871	0.9014
==========================================
IPCC
Avg:	9.3394	0.8738	42.3293	0.7829	11.0148
Std:	0.2365	0.0234	1.0844	0.0097	0.2187
==========================================
UIPCC
Avg:	9.2002	0.8607	41.0102	1.5147	15.4035
Std:	0.2473	0.0245	0.7865	0.0554	0.4258
==========================================


Detailed results for 20 rounds:
==========================================
UMEAN
==========================================
14.1374	1.3189	51.7147	3.8660	29.8434
14.2758	1.3336	50.9610	3.9224	29.8526
14.3018	1.3369	51.5395	3.9786	31.0859
14.2914	1.3349	51.5340	3.9854	31.0666
14.3431	1.3400	51.4278	3.9039	30.2098
14.4601	1.3544	51.3870	4.0094	31.6878
14.5535	1.3646	50.6358	4.0384	31.2756
14.1471	1.3205	51.6319	3.7834	29.1884
14.5058	1.3570	51.0228	3.9907	31.4039
14.7440	1.3870	50.0458	4.1064	32.3165
14.2492	1.3307	51.4407	3.8691	29.8080
14.7098	1.3808	50.3990	4.0097	31.4453
14.5291	1.3617	50.9524	3.9983	31.5383
14.3911	1.3471	51.3386	3.9863	29.9464
14.2225	1.3284	51.4726	3.8569	30.1302
14.3946	1.3491	51.3312	4.0033	30.2035
14.1819	1.3238	51.4820	3.8280	29.1896
14.4960	1.3580	51.2931	4.0140	31.7715
14.4096	1.3478	51.3690	3.9481	30.5846
14.2024	1.3265	51.4355	3.7936	28.8889


IMEAN
==========================================
7.6832	0.7168	41.0786	0.5769	6.8855
7.8105	0.7297	41.1260	0.5714	6.7220
7.6416	0.7143	40.1804	0.5789	6.9502
7.7502	0.7239	40.7507	0.5753	6.7456
7.9389	0.7417	42.4182	0.5757	6.8245
7.8355	0.7339	40.6760	0.5776	6.9651
8.1430	0.7635	43.8076	0.5742	6.8187
7.8424	0.7320	41.1003	0.5737	6.8092
7.8032	0.7300	40.6026	0.5732	6.7313
8.0048	0.7530	42.0950	0.5753	6.9532
7.7001	0.7191	40.8806	0.5696	6.7285
8.0005	0.7510	40.7642	0.5770	6.7281
7.9593	0.7460	41.4687	0.5761	6.7803
7.9099	0.7404	40.9940	0.5765	6.8633
7.7457	0.7234	40.7808	0.5775	6.8572
7.5802	0.7104	39.9016	0.5708	6.7696
7.7783	0.7261	41.7557	0.5739	6.9333
7.7576	0.7267	40.3271	0.5685	6.8069
7.7465	0.7246	40.6479	0.5726	6.7825
7.7332	0.7223	40.3444	0.5745	6.9329


UPCC
==========================================
9.1062	0.8495	40.4388	1.7366	17.3295
9.6592	0.9024	40.3580	1.9109	18.9953
9.2649	0.8660	39.5304	1.8220	18.4007
9.4467	0.8824	40.1633	1.8087	18.5856
9.8144	0.9169	41.6887	1.9095	18.7483
9.7281	0.9111	40.0339	2.0183	19.8051
10.2798	0.9639	42.4984	2.0444	20.3249
9.6713	0.9027	40.3222	1.8284	18.7667
9.8110	0.9178	40.1007	1.9363	19.6992
10.2343	0.9628	40.9974	1.9721	20.6143
9.5613	0.8929	40.3647	1.8301	18.6826
10.2695	0.9640	40.0013	2.0506	20.3845
9.8800	0.9260	40.6301	1.9402	19.6554
9.6578	0.9040	40.4313	1.8125	18.3580
9.4544	0.8830	40.1904	1.8239	18.1859
9.4121	0.8821	39.2262	1.8358	18.7038
9.3593	0.8737	41.1439	1.7980	17.4300
9.5618	0.8957	39.7429	1.8598	19.1204
9.5756	0.8957	39.8177	1.9536	18.8813
9.4085	0.8788	39.7214	1.8205	17.8514


IPCC
==========================================
9.1387	0.8526	41.8455	0.7949	11.2006
9.4985	0.8873	43.9733	0.8061	11.1475
9.0782	0.8486	40.9788	0.7702	10.9568
9.3233	0.8709	41.7776	0.7810	11.0375
9.2988	0.8687	42.9773	0.7774	10.8348
9.2923	0.8703	41.6623	0.7877	11.0459
9.6990	0.9094	44.7604	0.7866	11.1917
9.2538	0.8638	41.8250	0.7828	10.9146
9.4994	0.8887	43.3317	0.7743	11.0012
9.6559	0.9084	44.0381	0.7897	11.3144
9.1982	0.8590	41.7417	0.7755	11.0309
10.0505	0.9434	44.0522	0.7929	11.2342
9.2960	0.8713	42.3801	0.7697	10.4701
9.1821	0.8595	41.6554	0.7685	10.6267
9.0105	0.8416	41.4515	0.7750	10.6246
9.2704	0.8688	41.6120	0.7846	11.1894
9.1240	0.8517	42.1557	0.7950	11.1712
9.2778	0.8691	41.2439	0.7736	11.0193
9.3552	0.8750	41.7342	0.7861	11.1544
9.2856	0.8673	41.3893	0.7861	11.1305


UIPCC
==========================================
8.8794	0.8284	40.8952	1.4511	14.8413
9.3007	0.8689	41.6251	1.5713	15.4710
8.8945	0.8314	39.9962	1.4421	15.2051
9.1232	0.8522	40.6676	1.4648	15.4312
9.2381	0.8631	42.1195	1.5280	15.1667
9.2021	0.8619	40.5584	1.5657	15.6833
9.6533	0.9051	43.2573	1.6121	16.2060
9.1575	0.8548	40.8099	1.4878	15.1965
9.3514	0.8748	41.1895	1.5322	15.6905
9.6022	0.9033	42.0502	1.6018	16.1882
9.0727	0.8473	40.7380	1.4886	15.2802
9.8472	0.9243	41.3844	1.6285	16.1885
9.2505	0.8670	41.2233	1.5214	15.3715
9.1142	0.8531	40.7808	1.4515	14.8638
8.9309	0.8341	40.5710	1.4649	14.8610
9.0540	0.8485	40.0159	1.5020	15.4946
8.9630	0.8367	41.4091	1.4783	14.8471
9.1264	0.8550	40.1777	1.4887	15.5066
9.1668	0.8574	40.4790	1.5458	15.5827
9.0751	0.8476	40.2565	1.4674	14.9943


