Metric: | MAE	| NMAE	| RMSE	| MRE	| NPRE	
==========================================
UMEAN
Avg:	14.3115	1.3400	51.1646	4.1125	30.6364
Std:	0.0439	0.0115	0.8051	0.0651	0.4783
==========================================
IMEAN
Avg:	7.2529	0.6791	38.8990	0.5655	7.0069
Std:	0.0235	0.0036	0.7534	0.0016	0.0538
==========================================
UPCC
Avg:	7.8418	0.7342	34.7995	1.4381	17.7660
Std:	0.0846	0.0098	0.8760	0.0530	0.4741
==========================================
IPCC
Avg:	8.3766	0.7843	38.6903	0.7368	10.6328
Std:	0.1077	0.0091	0.8002	0.0057	0.1372
==========================================
UIPCC
Avg:	7.8319	0.7333	36.2699	1.2979	14.6339
Std:	0.0751	0.0070	0.8785	0.0297	0.2138
==========================================


Detailed results for 20 rounds:
==========================================
UMEAN
==========================================
14.4070	1.3640	49.0954	4.2309	31.6416
14.2354	1.3240	51.1392	4.0030	29.8894
14.3057	1.3395	51.2622	4.1334	30.9000
14.3116	1.3383	51.1661	4.1804	30.8872
14.3524	1.3474	50.9790	4.2004	30.8275
14.2598	1.3290	51.0071	4.0305	30.2868
14.2340	1.3152	52.3634	4.0300	29.7050
14.3373	1.3427	51.8571	4.0680	30.4105
14.3274	1.3466	50.7508	4.1107	31.0637
14.3135	1.3426	51.7057	4.1700	30.8354
14.2711	1.3302	51.5209	4.0322	30.0201
14.3401	1.3487	51.7342	4.1540	30.9822
14.3575	1.3550	50.4716	4.1942	31.2183
14.3154	1.3455	50.7606	4.1325	30.8415
14.3886	1.3572	49.3331	4.1491	30.9627
14.3043	1.3376	51.9983	4.1119	30.5817
14.3048	1.3413	51.5318	4.1480	30.8387
14.2884	1.3305	51.7295	4.0554	30.0975
14.2853	1.3316	51.9326	4.0625	30.6060
14.2910	1.3325	50.9543	4.0532	30.1333


IMEAN
==========================================
7.2051	0.6821	36.9845	0.5680	7.0278
7.2329	0.6727	38.7705	0.5626	6.9638
7.2425	0.6782	39.3529	0.5656	7.0455
7.2345	0.6765	39.1075	0.5650	6.9420
7.2705	0.6826	38.9128	0.5651	7.0320
7.2415	0.6749	38.6242	0.5648	6.9952
7.2559	0.6705	39.6349	0.5649	6.9315
7.2744	0.6813	39.4900	0.5670	6.9872
7.2463	0.6811	38.8834	0.5632	7.0312
7.2278	0.6779	39.4100	0.5662	7.0331
7.2846	0.6790	39.2005	0.5636	6.8929
7.2237	0.6794	39.4472	0.5666	7.1043
7.2298	0.6823	38.3422	0.5664	7.0613
7.2713	0.6835	38.5050	0.5644	7.0789
7.2650	0.6853	37.1343	0.5671	7.0556
7.2870	0.6814	39.8190	0.5651	6.9476
7.2503	0.6798	39.3083	0.5689	7.0296
7.2961	0.6794	39.2259	0.5645	6.9982
7.2724	0.6779	39.6558	0.5638	6.9450
7.2469	0.6757	38.1717	0.5664	7.0350


UPCC
==========================================
7.9498	0.7526	32.7757	1.5362	18.3141
7.8366	0.7289	34.7635	1.3830	17.3787
7.8128	0.7316	35.3410	1.3797	17.9921
7.9319	0.7417	35.4458	1.4793	18.7759
7.8167	0.7339	34.8083	1.4422	17.6842
7.7768	0.7248	34.4956	1.3602	17.4713
7.8211	0.7227	36.2374	1.4272	16.8435
7.9442	0.7440	35.5388	1.5049	17.7701
7.8756	0.7402	34.6357	1.5034	17.7437
7.7624	0.7281	34.7665	1.3931	18.1227
8.0099	0.7466	35.3901	1.4984	17.6989
7.7166	0.7258	35.5035	1.3680	17.8556
7.9003	0.7456	34.2004	1.4702	18.4691
7.8370	0.7366	33.8821	1.4591	17.8623
7.9290	0.7479	32.8378	1.5077	17.9387
7.7147	0.7214	35.4081	1.3810	17.3202
7.8150	0.7328	35.2120	1.4245	17.9867
7.6788	0.7150	34.6850	1.3850	16.7192
7.8372	0.7305	35.8224	1.4194	17.6693
7.8686	0.7337	34.2405	1.4392	17.7035


IPCC
==========================================
8.2556	0.7816	36.9472	0.7388	10.4820
8.3831	0.7797	38.4925	0.7377	10.7631
8.3717	0.7839	39.0252	0.7395	10.8421
8.3246	0.7784	39.0409	0.7405	10.5472
8.3873	0.7874	38.9470	0.7327	10.6671
8.2566	0.7695	38.2059	0.7293	10.4756
8.4724	0.7829	39.8515	0.7451	10.8243
8.3680	0.7837	39.1043	0.7324	10.4100
8.4290	0.7922	38.4440	0.7348	10.8818
8.2374	0.7726	38.9427	0.7376	10.6129
8.6075	0.8023	39.3501	0.7388	10.5817
8.4447	0.7942	39.4474	0.7312	10.6591
8.3172	0.7850	37.9192	0.7397	10.5862
8.2695	0.7773	37.6539	0.7376	10.5512
8.2787	0.7809	36.8221	0.7305	10.5090
8.4495	0.7901	39.4008	0.7484	10.7840
8.3391	0.7819	39.2239	0.7391	10.6559
8.2526	0.7685	38.6140	0.7219	10.4245
8.4801	0.7905	39.4026	0.7406	10.6361
8.6079	0.8026	38.9716	0.7390	10.7620


UIPCC
==========================================
7.7879	0.7373	34.2562	1.3462	14.7074
7.8299	0.7282	36.0969	1.2761	14.4736
7.8160	0.7319	36.7886	1.2772	15.0005
7.8346	0.7326	36.7126	1.3348	14.9823
7.8345	0.7355	36.4334	1.2969	14.6419
7.7277	0.7202	35.8427	1.2508	14.3794
7.8942	0.7294	37.5999	1.2870	14.2913
7.8646	0.7365	36.8495	1.3366	14.5327
7.8762	0.7403	36.0248	1.3251	14.8097
7.7233	0.7244	36.5256	1.2738	14.7601
8.0145	0.7470	36.7931	1.3440	14.7099
7.8259	0.7360	37.0236	1.2603	14.7494
7.8203	0.7381	35.5765	1.3163	14.8633
7.7718	0.7305	35.3572	1.3103	14.4969
7.8039	0.7361	34.1840	1.3188	14.5516
7.8306	0.7322	37.0775	1.2805	14.4541
7.8035	0.7317	36.8015	1.2800	14.7706
7.7025	0.7172	36.2670	1.2464	14.1492
7.9002	0.7364	37.2240	1.2909	14.6976
7.9768	0.7438	35.9626	1.3062	14.6570


