Metric: | MAE	| NMAE	| RMSE	| MRE	| NPRE	
==========================================
UMEAN
Avg:	14.5663	1.3432	54.5948	4.0927	29.7378
Std:	0.0272	0.0112	1.6303	0.0453	0.3490
==========================================
IMEAN
Avg:	7.3480	0.6775	42.2311	0.5650	6.9889
Std:	0.0470	0.0017	1.6070	0.0016	0.0535
==========================================
UPCC
Avg:	7.7159	0.7115	37.1581	1.3207	17.1084
Std:	0.0744	0.0099	1.7653	0.0634	0.3817
==========================================
IPCC
Avg:	7.9961	0.7373	40.5202	0.6737	9.4523
Std:	0.1235	0.0089	2.0192	0.0046	0.1388
==========================================
UIPCC
Avg:	7.5143	0.6929	38.2105	1.1751	13.6503
Std:	0.0758	0.0062	1.9903	0.0251	0.1751
==========================================


Detailed results for 20 rounds:
==========================================
UMEAN
==========================================
14.6411	1.3704	52.5124	4.2204	30.5713
14.5893	1.3467	53.2090	4.0776	29.5942
14.5912	1.3516	54.0497	4.1433	29.7894
14.5385	1.3307	54.4445	4.0338	29.2633
14.5315	1.3429	53.5536	4.0723	29.5308
14.5505	1.3282	55.9335	4.0421	29.9133
14.5737	1.3496	53.7918	4.0973	29.8732
14.5804	1.3452	54.5094	4.0647	29.4589
14.5551	1.3374	56.0831	4.0770	29.6302
14.5471	1.3323	58.0817	4.0508	29.2020
14.5259	1.3289	57.1148	4.0412	29.4910
14.5495	1.3408	55.9838	4.0862	29.9974
14.5368	1.3277	56.1974	4.0465	29.0742
14.5663	1.3457	53.5124	4.1434	29.9959
14.5990	1.3579	51.2700	4.1379	30.2790
14.5649	1.3429	54.8127	4.1119	29.9669
14.5581	1.3462	53.3157	4.0770	29.6296
14.5647	1.3361	55.6929	4.0863	29.8879
14.5991	1.3618	52.9681	4.1413	29.8214
14.5632	1.3409	54.8593	4.1039	29.7860


IMEAN
==========================================
7.2357	0.6773	39.9432	0.5669	6.9678
7.3218	0.6758	40.7366	0.5613	7.0003
7.3300	0.6790	41.7737	0.5636	6.9444
7.3935	0.6767	41.8148	0.5642	7.0020
7.3604	0.6802	41.2672	0.5635	6.9631
7.4222	0.6775	43.2184	0.5650	7.1169
7.3413	0.6798	41.6373	0.5664	7.0421
7.3365	0.6769	41.9399	0.5649	6.8922
7.3643	0.6767	43.6145	0.5673	6.9752
7.3580	0.6739	45.7496	0.5658	7.0335
7.3998	0.6770	44.8163	0.5668	7.0881
7.3448	0.6768	43.9727	0.5644	7.0415
7.4029	0.6761	43.7861	0.5665	6.9664
7.3462	0.6787	41.2399	0.5617	6.8970
7.2923	0.6783	39.3312	0.5647	6.9581
7.3394	0.6767	42.3160	0.5642	6.9759
7.3681	0.6813	41.1880	0.5663	6.9813
7.3829	0.6773	43.2284	0.5661	6.9733
7.2437	0.6757	40.3954	0.5657	6.9787
7.3764	0.6792	42.6523	0.5649	6.9809


UPCC
==========================================
7.7952	0.7296	34.3077	1.4688	17.7131
7.6959	0.7104	35.4373	1.3338	16.8821
7.7349	0.7165	36.7072	1.3832	16.9670
7.7026	0.7050	36.5043	1.2663	16.9495
7.6751	0.7093	36.5479	1.3224	16.5195
7.7041	0.7032	37.8999	1.2856	17.2135
7.6401	0.7075	36.4895	1.2378	16.7315
7.7376	0.7139	37.1278	1.3851	16.8090
7.6971	0.7072	38.4364	1.2752	17.4286
7.5513	0.6916	40.6013	1.2441	16.6034
7.6744	0.7021	40.2914	1.2822	16.9829
7.6930	0.7089	39.2000	1.2919	17.3321
7.7528	0.7081	39.0007	1.2778	17.0324
7.8936	0.7292	36.6082	1.4060	17.5442
7.8210	0.7275	33.6711	1.3709	18.1001
7.7883	0.7181	37.7184	1.2495	17.3441
7.7700	0.7185	36.0499	1.4230	16.8876
7.6090	0.6980	37.6428	1.3002	16.8089
7.7140	0.7196	35.2044	1.3258	16.9855
7.6675	0.7060	37.7149	1.2843	17.3341


IPCC
==========================================
7.7738	0.7276	36.8148	0.6666	9.2962
7.9324	0.7322	38.9432	0.6758	9.4491
7.9441	0.7359	39.9141	0.6708	9.4121
8.0764	0.7392	39.5159	0.6732	9.4191
7.9757	0.7371	39.2088	0.6731	9.4131
8.1786	0.7465	41.6623	0.6799	9.6988
8.0403	0.7446	39.8948	0.6721	9.3674
8.0040	0.7385	39.4202	0.6758	9.3864
8.0117	0.7362	42.4120	0.6774	9.5206
8.0279	0.7352	44.5080	0.6805	9.4363
8.1432	0.7450	43.3200	0.6832	9.6986
7.9128	0.7292	42.4385	0.6723	9.4730
7.9937	0.7301	42.8050	0.6696	9.2637
8.0400	0.7428	39.6677	0.6785	9.4806
7.8734	0.7323	37.3933	0.6659	9.3267
8.2839	0.7638	42.1052	0.6724	9.6593
7.9446	0.7347	39.6326	0.6671	9.3744
7.9213	0.7267	41.4416	0.6705	9.4291
7.7521	0.7231	37.7890	0.6764	9.2304
8.0925	0.7451	41.5170	0.6736	9.7116


UIPCC
==========================================
7.4139	0.6939	34.8333	1.2344	13.7406
7.4701	0.6895	36.4817	1.1769	13.5765
7.4958	0.6943	37.6605	1.1820	13.6226
7.5616	0.6921	37.2860	1.1632	13.5906
7.4769	0.6910	37.1197	1.1673	13.4075
7.6289	0.6964	39.2480	1.1635	13.9614
7.5113	0.6956	37.4809	1.1392	13.4627
7.5109	0.6930	37.3147	1.2047	13.5778
7.5259	0.6915	40.0256	1.1785	13.7556
7.4658	0.6838	42.2404	1.1496	13.3638
7.5792	0.6934	41.2621	1.1588	13.7755
7.4569	0.6872	40.3353	1.1648	13.6997
7.5244	0.6872	40.3748	1.1449	13.6187
7.6126	0.7033	37.4962	1.2204	13.7994
7.4808	0.6958	34.7739	1.1975	13.8647
7.7101	0.7109	39.2394	1.1521	13.9313
7.5102	0.6945	37.1406	1.2082	13.4846
7.4407	0.6826	39.0889	1.1550	13.4351
7.3715	0.6876	35.7565	1.1713	13.4878
7.5389	0.6941	39.0521	1.1697	13.8498


