Metric: | MAE	| NMAE	| RMSE	| MRE	| NPRE	
==========================================
UMEAN
Avg:	1.2889	0.9266	2.3976	1.6470	9.9552
Std:	0.0071	0.0057	0.0042	0.0375	0.1775
==========================================
IMEAN
Avg:	1.2704	0.9133	2.4243	0.8954	7.6989
Std:	0.0080	0.0066	0.0062	0.0071	0.1467
==========================================
UPCC
Avg:	1.0218	0.7346	2.0015	0.7841	6.8388
Std:	0.0063	0.0051	0.0079	0.0138	0.1289
==========================================
IPCC
Avg:	1.1217	0.8064	2.1400	0.7898	6.6620
Std:	0.0062	0.0052	0.0073	0.0076	0.1140
==========================================
UIPCC
Avg:	1.0174	0.7314	1.9930	0.7802	6.7124
Std:	0.0056	0.0047	0.0072	0.0140	0.1088
==========================================


Detailed results for 20 rounds:
==========================================
UMEAN
==========================================
1.2853	0.9233	2.3996	1.6139	9.8074
1.3031	0.9359	2.4034	1.7258	10.3215
1.2861	0.9258	2.3954	1.6386	9.8594
1.2925	0.9287	2.4001	1.6458	9.9044
1.2734	0.9158	2.3977	1.5894	9.5259
1.2918	0.9277	2.4022	1.6439	9.9993
1.2935	0.9309	2.3962	1.6761	10.0340
1.2740	0.9138	2.3993	1.5748	9.7352
1.2868	0.9248	2.4023	1.6358	9.8093
1.2953	0.9319	2.3928	1.6801	10.2211
1.2850	0.9225	2.4042	1.6207	10.0429
1.2981	0.9360	2.3913	1.7185	10.1233
1.2888	0.9261	2.3977	1.6562	9.9622
1.2933	0.9312	2.3913	1.6506	10.0287
1.2846	0.9240	2.3954	1.6408	9.9058
1.2910	0.9285	2.3964	1.6744	10.0448
1.2873	0.9243	2.4003	1.6166	9.8376
1.2921	0.9291	2.3971	1.6570	10.0381
1.2942	0.9316	2.3887	1.6737	10.1206
1.2818	0.9203	2.4016	1.6066	9.7831


IMEAN
==========================================
1.2642	0.9081	2.4336	0.8925	7.4788
1.2682	0.9108	2.4185	0.8961	7.6307
1.2704	0.9145	2.4227	0.8919	7.7360
1.2697	0.9123	2.4159	0.8951	7.6807
1.2736	0.9160	2.4223	0.8913	7.7616
1.2699	0.9119	2.4255	0.8908	7.7451
1.2861	0.9256	2.4406	0.9099	7.9132
1.2511	0.8973	2.4204	0.8829	7.3339
1.2790	0.9192	2.4206	0.9045	7.9210
1.2729	0.9158	2.4307	0.8966	7.7439
1.2652	0.9083	2.4224	0.8969	7.7063
1.2805	0.9233	2.4260	0.9005	7.8600
1.2697	0.9124	2.4266	0.8955	7.6027
1.2795	0.9213	2.4175	0.9063	7.8485
1.2746	0.9168	2.4328	0.8970	7.7567
1.2766	0.9182	2.4186	0.9018	7.8254
1.2568	0.9024	2.4242	0.8819	7.4875
1.2702	0.9134	2.4165	0.9003	7.6647
1.2678	0.9126	2.4236	0.8897	7.7110
1.2629	0.9068	2.4276	0.8866	7.5711


UPCC
==========================================
1.0249	0.7362	2.0087	0.7811	6.9303
1.0240	0.7355	2.0043	0.7892	6.9245
1.0263	0.7388	2.0030	0.7921	6.9249
1.0268	0.7378	1.9955	0.7948	6.8732
1.0184	0.7324	2.0063	0.7617	6.6029
1.0251	0.7361	1.9925	0.7909	6.9560
1.0260	0.7384	2.0040	0.7899	6.8451
1.0096	0.7241	2.0055	0.7639	6.5280
1.0220	0.7345	1.9981	0.7884	6.9324
1.0310	0.7418	2.0151	0.7978	6.9128
1.0106	0.7255	2.0077	0.7595	6.6614
1.0240	0.7384	1.9874	0.7896	6.9938
1.0111	0.7266	1.9905	0.7586	6.8047
1.0286	0.7406	1.9917	0.8048	6.9531
1.0257	0.7378	2.0184	0.7868	6.7733
1.0173	0.7316	1.9953	0.7773	6.8748
1.0184	0.7312	1.9958	0.7917	6.7186
1.0246	0.7368	2.0019	0.8024	6.8249
1.0279	0.7400	2.0058	0.7906	7.0048
1.0130	0.7273	2.0016	0.7713	6.7366


IPCC
==========================================
1.1164	0.8020	2.1509	0.7837	6.5225
1.1199	0.8044	2.1341	0.7936	6.6876
1.1204	0.8065	2.1385	0.7836	6.6363
1.1219	0.8061	2.1339	0.7922	6.6667
1.1236	0.8081	2.1401	0.7859	6.6191
1.1226	0.8061	2.1412	0.7855	6.6595
1.1324	0.8150	2.1549	0.8003	6.7994
1.1084	0.7949	2.1381	0.7741	6.4065
1.1255	0.8089	2.1333	0.8032	6.8109
1.1292	0.8124	2.1535	0.7949	6.7611
1.1170	0.8019	2.1420	0.7911	6.6565
1.1298	0.8147	2.1377	0.7970	6.8469
1.1248	0.8083	2.1452	0.7899	6.6632
1.1295	0.8133	2.1321	0.8021	6.8073
1.1247	0.8090	2.1482	0.7856	6.6851
1.1250	0.8091	2.1331	0.7960	6.7693
1.1112	0.7979	2.1358	0.7790	6.4873
1.1166	0.8030	2.1263	0.7897	6.5698
1.1198	0.8061	2.1417	0.7859	6.6439
1.1153	0.8008	2.1391	0.7818	6.5419


UIPCC
==========================================
1.0189	0.7319	2.0004	0.7754	6.7647
1.0186	0.7316	1.9943	0.7864	6.7573
1.0204	0.7345	1.9939	0.7841	6.7846
1.0216	0.7341	1.9876	0.7900	6.7198
1.0149	0.7299	1.9966	0.7587	6.5190
1.0209	0.7331	1.9883	0.7817	6.7896
1.0225	0.7359	1.9961	0.7876	6.7690
1.0053	0.7210	1.9970	0.7550	6.4391
1.0180	0.7316	1.9884	0.7893	6.7593
1.0261	0.7383	2.0064	0.7943	6.7875
1.0080	0.7236	1.9992	0.7598	6.5868
1.0204	0.7358	1.9797	0.7892	6.8890
1.0096	0.7255	1.9850	0.7564	6.7283
1.0247	0.7378	1.9834	0.8041	6.8059
1.0206	0.7341	2.0076	0.7820	6.6851
1.0140	0.7293	1.9850	0.7781	6.7313
1.0131	0.7274	1.9886	0.7847	6.5871
1.0187	0.7325	1.9909	0.7979	6.7064
1.0216	0.7354	1.9966	0.7861	6.8305
1.0096	0.7249	1.9942	0.7634	6.6082


