Metric: | MAE	| NMAE	| RMSE	| MRE	| NPRE	
==========================================
UMEAN
Avg:	14.3944	1.3435	54.4100	4.0319	30.7320
Std:	0.0655	0.0109	1.2031	0.0465	0.4200
==========================================
IMEAN
Avg:	7.4524	0.6956	43.2887	0.5762	7.4701
Std:	0.0461	0.0058	1.0959	0.0017	0.0517
==========================================
UPCC
Avg:	8.4255	0.7864	40.6120	1.4943	17.6527
Std:	0.1148	0.0130	1.2786	0.0543	0.4576
==========================================
IPCC
Avg:	8.9291	0.8334	43.9340	0.7983	11.8390
Std:	0.1179	0.0132	0.8812	0.0046	0.1375
==========================================
UIPCC
Avg:	8.4248	0.7864	41.8544	1.3966	15.2700
Std:	0.1001	0.0116	1.1645	0.0329	0.2393
==========================================


Detailed results for 20 rounds:
==========================================
UMEAN
==========================================
14.5114	1.3622	52.3635	4.0898	31.3793
14.2572	1.3195	56.7476	3.9569	30.0477
14.3698	1.3396	52.9076	3.9533	30.2527
14.3182	1.3319	55.0022	4.0412	30.3474
14.3664	1.3412	53.8581	4.0080	30.3720
14.4255	1.3479	53.5556	4.0157	30.8946
14.4817	1.3590	52.5663	4.1203	31.2767
14.4203	1.3485	54.1310	4.0452	30.9339
14.4454	1.3528	53.9387	4.0674	30.6772
14.3819	1.3417	54.9968	4.0327	30.8953
14.4924	1.3570	53.6752	4.0959	31.2626
14.3807	1.3396	55.2169	4.0342	30.5427
14.4680	1.3579	54.0142	4.1013	31.3827
14.3654	1.3389	53.8218	4.0158	30.6559
14.2889	1.3259	56.1418	3.9783	30.2385
14.4393	1.3508	54.4562	4.0459	31.3131
14.3853	1.3426	53.6546	4.0121	30.4513
14.3481	1.3359	56.5069	3.9689	30.5516
14.3987	1.3440	54.9471	4.0530	30.9411
14.3439	1.3343	55.6983	4.0026	30.2246


IMEAN
==========================================
7.4964	0.7037	41.5960	0.5758	7.5032
7.4417	0.6887	45.3322	0.5725	7.4570
7.4413	0.6937	41.5552	0.5751	7.4249
7.4415	0.6922	43.9018	0.5751	7.3990
7.5465	0.7045	43.0443	0.5778	7.4986
7.4575	0.6968	42.2855	0.5789	7.4773
7.4783	0.7018	42.1219	0.5736	7.5017
7.4551	0.6972	42.7992	0.5784	7.5259
7.4547	0.6981	43.1454	0.5768	7.4092
7.4190	0.6921	43.7204	0.5762	7.5274
7.4181	0.6946	42.3168	0.5758	7.4124
7.4167	0.6909	43.8152	0.5749	7.3867
7.4172	0.6961	42.7678	0.5773	7.4809
7.4551	0.6948	42.6571	0.5758	7.4831
7.3607	0.6830	44.5243	0.5765	7.4973
7.5679	0.7080	44.3990	0.5780	7.5495
7.4745	0.6976	42.3506	0.5761	7.4280
7.4644	0.6950	45.2077	0.5777	7.5481
7.4476	0.6952	43.8553	0.5785	7.5032
7.3932	0.6877	44.3789	0.5735	7.3886


UPCC
==========================================
8.5880	0.8062	38.2508	1.5958	17.8212
8.2526	0.7638	42.7774	1.4147	17.2766
8.4397	0.7868	38.9894	1.4187	17.3166
8.3720	0.7788	41.3178	1.4701	17.9492
8.5272	0.7961	40.4103	1.5342	17.8671
8.5615	0.8000	39.6381	1.4801	18.5556
8.5122	0.7988	39.3640	1.5444	17.8131
8.4811	0.7931	39.7326	1.5238	18.0546
8.5587	0.8015	41.0006	1.5350	17.5840
8.2699	0.7715	41.3111	1.4555	16.8353
8.5151	0.7973	39.4572	1.5546	18.5043
8.2527	0.7688	41.1482	1.4707	16.9984
8.4570	0.7937	40.6408	1.4728	17.6348
8.3762	0.7807	39.8868	1.5125	17.2895
8.2568	0.7662	41.9658	1.3983	17.6467
8.4777	0.7931	41.6944	1.4680	17.6325
8.5384	0.7969	38.7867	1.5895	18.2029
8.4814	0.7897	42.7471	1.5260	17.7047
8.3210	0.7767	41.0599	1.4785	17.3629
8.2719	0.7695	42.0612	1.4433	17.0043


IPCC
==========================================
9.1067	0.8548	42.3319	0.7973	11.8341
8.8221	0.8165	45.4885	0.7981	12.0227
8.8898	0.8287	42.6881	0.7969	11.5388
8.8151	0.8200	44.2556	0.7995	11.7903
9.0200	0.8421	44.1494	0.7930	11.6603
9.0266	0.8434	43.2402	0.8049	12.0290
8.8827	0.8336	42.5782	0.7932	11.7588
8.9646	0.8383	43.4126	0.7991	12.0313
8.9153	0.8349	43.6988	0.7940	11.7149
8.8689	0.8274	44.1321	0.8065	11.8527
8.9689	0.8398	43.1608	0.7975	11.8773
8.8075	0.8205	44.2293	0.7910	11.8520
9.0456	0.8490	44.1383	0.8055	11.9585
8.9196	0.8313	43.5054	0.7947	11.9750
8.7666	0.8135	44.6711	0.7979	11.8396
9.1477	0.8558	45.3800	0.7983	12.0119
9.1371	0.8527	43.4906	0.7933	11.8171
8.7485	0.8145	45.2201	0.8045	11.6874
8.9234	0.8329	44.1226	0.8047	11.8785
8.8043	0.8190	44.7875	0.7965	11.6502


UIPCC
==========================================
8.5818	0.8056	39.7057	1.4595	15.3674
8.3094	0.7690	43.9666	1.3386	15.1996
8.4108	0.7841	40.2232	1.3643	14.8722
8.3381	0.7756	42.4435	1.3888	15.3889
8.5221	0.7956	41.8148	1.3998	15.1268
8.5309	0.7971	40.8888	1.4252	15.7158
8.4261	0.7907	40.4350	1.3988	15.2906
8.4567	0.7908	41.2108	1.4109	15.5934
8.4709	0.7933	41.8147	1.4126	15.2442
8.3321	0.7773	42.3798	1.3823	14.9839
8.4770	0.7937	40.7862	1.4279	15.5674
8.2886	0.7721	42.4350	1.3531	14.9550
8.5100	0.7987	41.8470	1.4042	15.2962
8.4018	0.7831	41.2721	1.3922	15.2291
8.2671	0.7671	43.0508	1.3395	15.1989
8.5673	0.8015	43.0677	1.3908	15.4733
8.5802	0.8008	40.6792	1.4537	15.5498
8.3511	0.7775	43.7716	1.4182	15.2316
8.3771	0.7819	42.2262	1.4137	15.3279
8.2971	0.7718	43.0702	1.3586	14.7879


