Metric: | MAE	| NMAE	| RMSE	| MRE	| NPRE	
==========================================
UMEAN
Avg:	1.2606	0.8989	2.3830	1.5792	9.5704
Std:	0.0015	0.0022	0.0050	0.0108	0.0608
==========================================
IMEAN
Avg:	1.2454	0.8880	2.3362	1.3593	7.8106
Std:	0.0019	0.0025	0.0058	0.0070	0.0568
==========================================
UPCC
Avg:	0.8086	0.5766	1.7574	0.5364	3.7634
Std:	0.0027	0.0018	0.0074	0.0060	0.0670
==========================================
IPCC
Avg:	0.9636	0.6871	1.9008	0.7791	5.8619
Std:	0.0053	0.0038	0.0078	0.0059	0.0942
==========================================
UIPCC
Avg:	0.8146	0.5808	1.7575	0.5571	4.0864
Std:	0.0028	0.0019	0.0074	0.0062	0.0475
==========================================


Detailed results for 20 rounds:
==========================================
UMEAN
==========================================
1.2608	0.9001	2.3796	1.5829	9.5581
1.2586	0.8960	2.3879	1.5688	9.5121
1.2626	0.8998	2.3829	1.5972	9.6101
1.2601	0.9015	2.3767	1.5861	9.5820
1.2628	0.9004	2.3852	1.5831	9.5659
1.2602	0.8960	2.3829	1.5736	9.5487
1.2609	0.8984	2.3902	1.5706	9.6030
1.2616	0.8979	2.3884	1.5748	9.5736
1.2576	0.8993	2.3797	1.5753	9.5563
1.2624	0.9031	2.3811	1.6003	9.6985
1.2621	0.9024	2.3791	1.5998	9.6648
1.2592	0.8996	2.3760	1.5764	9.5222
1.2588	0.8992	2.3784	1.5836	9.5538
1.2611	0.9008	2.3773	1.5777	9.6448
1.2605	0.8985	2.3796	1.5765	9.5681
1.2629	0.8968	2.3914	1.5752	9.4963
1.2588	0.8955	2.3898	1.5583	9.4050
1.2601	0.8959	2.3883	1.5698	9.5791
1.2600	0.8968	2.3878	1.5666	9.5705
1.2611	0.8999	2.3775	1.5872	9.5944


IMEAN
==========================================
1.2440	0.8880	2.3308	1.3549	7.7867
1.2453	0.8865	2.3410	1.3542	7.7819
1.2437	0.8863	2.3366	1.3576	7.7100
1.2450	0.8907	2.3311	1.3590	7.8349
1.2417	0.8854	2.3366	1.3535	7.7043
1.2443	0.8847	2.3382	1.3549	7.8012
1.2441	0.8864	2.3351	1.3684	7.8307
1.2449	0.8860	2.3386	1.3564	7.7760
1.2493	0.8934	2.3349	1.3756	7.8747
1.2458	0.8912	2.3366	1.3644	7.9063
1.2450	0.8902	2.3289	1.3624	7.8532
1.2494	0.8927	2.3347	1.3729	7.7889
1.2456	0.8897	2.3277	1.3667	7.8561
1.2463	0.8903	2.3342	1.3588	7.8812
1.2447	0.8873	2.3337	1.3560	7.7851
1.2464	0.8851	2.3499	1.3538	7.8013
1.2474	0.8874	2.3370	1.3590	7.9056
1.2468	0.8865	2.3473	1.3474	7.8287
1.2455	0.8864	2.3431	1.3580	7.7461
1.2418	0.8861	2.3273	1.3515	7.7594


UPCC
==========================================
0.8062	0.5755	1.7479	0.5295	3.7404
0.8089	0.5758	1.7602	0.5394	3.8256
0.8087	0.5763	1.7537	0.5335	3.7444
0.8051	0.5760	1.7544	0.5219	3.7142
0.8064	0.5750	1.7566	0.5369	3.7743
0.8090	0.5752	1.7594	0.5343	3.7026
0.8091	0.5764	1.7640	0.5354	3.7674
0.8109	0.5771	1.7620	0.5463	3.8298
0.8088	0.5784	1.7637	0.5471	3.7848
0.8074	0.5776	1.7547	0.5406	3.8204
0.8073	0.5772	1.7567	0.5375	3.7234
0.8135	0.5812	1.7632	0.5348	3.8096
0.8051	0.5751	1.7500	0.5261	3.6843
0.8113	0.5795	1.7579	0.5428	3.7064
0.8045	0.5735	1.7469	0.5322	3.6565
0.8133	0.5775	1.7705	0.5343	3.7454
0.8068	0.5740	1.7560	0.5375	3.6992
0.8131	0.5781	1.7670	0.5409	3.9019
0.8108	0.5771	1.7642	0.5409	3.7273
0.8059	0.5751	1.7390	0.5368	3.9089


IPCC
==========================================
0.9661	0.6896	1.8970	0.7811	5.8969
0.9662	0.6878	1.9107	0.7744	5.8401
0.9593	0.6837	1.8941	0.7793	5.8045
0.9544	0.6828	1.8895	0.7718	5.7583
0.9552	0.6811	1.8979	0.7726	5.6472
0.9621	0.6840	1.8951	0.7809	5.9032
0.9677	0.6895	1.9163	0.7769	5.8997
0.9587	0.6823	1.8999	0.7737	5.7881
0.9601	0.6865	1.9022	0.7800	5.7622
0.9639	0.6895	1.9039	0.7806	5.9021
0.9627	0.6883	1.8945	0.7805	5.9372
0.9702	0.6932	1.9047	0.7847	5.8866
0.9707	0.6934	1.8959	0.7971	6.0103
0.9684	0.6918	1.8972	0.7834	5.9658
0.9665	0.6889	1.8978	0.7822	5.9151
0.9646	0.6850	1.9115	0.7713	5.8339
0.9692	0.6895	1.9049	0.7833	6.0183
0.9697	0.6894	1.9109	0.7807	5.9318
0.9640	0.6861	1.9077	0.7730	5.8226
0.9522	0.6795	1.8844	0.7744	5.7135


UIPCC
==========================================
0.8133	0.5806	1.7488	0.5542	4.0894
0.8149	0.5801	1.7616	0.5559	4.1345
0.8143	0.5803	1.7532	0.5571	4.0415
0.8098	0.5793	1.7530	0.5408	4.0231
0.8107	0.5780	1.7567	0.5507	4.0333
0.8142	0.5789	1.7581	0.5536	4.0537
0.8161	0.5815	1.7662	0.5560	4.1082
0.8156	0.5805	1.7612	0.5639	4.1046
0.8144	0.5824	1.7633	0.5685	4.0934
0.8134	0.5819	1.7557	0.5593	4.1528
0.8133	0.5815	1.7550	0.5625	4.0763
0.8194	0.5854	1.7624	0.5566	4.1050
0.8127	0.5805	1.7496	0.5568	4.0497
0.8178	0.5842	1.7568	0.5674	4.0619
0.8111	0.5782	1.7476	0.5514	4.0140
0.8190	0.5816	1.7712	0.5544	4.0672
0.8143	0.5793	1.7568	0.5622	4.0610
0.8194	0.5826	1.7673	0.5605	4.1869
0.8167	0.5813	1.7650	0.5579	4.0900
0.8104	0.5783	1.7397	0.5515	4.1808


