Metric: | MAE	| NMAE	| RMSE	| MRE	| NPRE	
==========================================
UMEAN
Avg:	1.2607	0.8987	2.3841	1.5784	9.5558
Std:	0.0016	0.0025	0.0069	0.0115	0.0588
==========================================
IMEAN
Avg:	1.2427	0.8859	2.3299	1.3899	7.7970
Std:	0.0020	0.0028	0.0071	0.0084	0.0618
==========================================
UPCC
Avg:	0.7902	0.5633	1.7321	0.5191	3.5614
Std:	0.0025	0.0021	0.0068	0.0062	0.0655
==========================================
IPCC
Avg:	0.9471	0.6751	1.8763	0.7610	5.7695
Std:	0.0064	0.0045	0.0080	0.0060	0.0957
==========================================
UIPCC
Avg:	0.7965	0.5678	1.7303	0.5420	3.9151
Std:	0.0027	0.0021	0.0069	0.0069	0.0563
==========================================


Detailed results for 20 rounds:
==========================================
UMEAN
==========================================
1.2597	0.8999	2.3784	1.5826	9.5524
1.2584	0.8934	2.3942	1.5528	9.4601
1.2626	0.8983	2.3889	1.5833	9.5249
1.2607	0.8988	2.3887	1.5725	9.4880
1.2627	0.8996	2.3860	1.5730	9.5338
1.2600	0.8955	2.3842	1.5695	9.5497
1.2616	0.8985	2.3901	1.5761	9.5903
1.2622	0.8986	2.3901	1.5766	9.5663
1.2577	0.8996	2.3829	1.5739	9.5482
1.2618	0.9038	2.3781	1.5997	9.6800
1.2609	0.9028	2.3752	1.6038	9.6750
1.2587	0.8997	2.3764	1.5827	9.5165
1.2582	0.8984	2.3802	1.5763	9.5496
1.2590	0.9009	2.3707	1.5814	9.6400
1.2616	0.8986	2.3849	1.5764	9.5592
1.2638	0.8961	2.3945	1.5753	9.4978
1.2598	0.8961	2.3890	1.5652	9.4632
1.2621	0.8972	2.3913	1.5749	9.5508
1.2612	0.8962	2.3864	1.5734	9.5667
1.2609	0.9018	2.3721	1.5987	9.6025


IMEAN
==========================================
1.2412	0.8867	2.3229	1.3915	7.8369
1.2433	0.8827	2.3374	1.3787	7.7295
1.2414	0.8832	2.3321	1.3838	7.6794
1.2414	0.8851	2.3306	1.3857	7.7865
1.2400	0.8834	2.3305	1.3790	7.6672
1.2421	0.8828	2.3317	1.3891	7.8068
1.2411	0.8839	2.3289	1.3861	7.7748
1.2420	0.8842	2.3319	1.3825	7.7781
1.2454	0.8908	2.3280	1.4058	7.8255
1.2431	0.8904	2.3284	1.3971	7.8319
1.2413	0.8887	2.3184	1.4016	7.9001
1.2458	0.8904	2.3254	1.4044	7.7704
1.2420	0.8868	2.3225	1.3968	7.8358
1.2449	0.8908	2.3249	1.4006	7.8864
1.2432	0.8855	2.3310	1.3871	7.8271
1.2448	0.8826	2.3469	1.3804	7.7569
1.2453	0.8857	2.3296	1.3934	7.8902
1.2444	0.8846	2.3419	1.3828	7.8200
1.2433	0.8834	2.3382	1.3818	7.7343
1.2379	0.8853	2.3176	1.3902	7.8022


UPCC
==========================================
0.7882	0.5630	1.7253	0.5071	3.4998
0.7920	0.5623	1.7444	0.5146	3.5192
0.7938	0.5647	1.7281	0.5238	3.6150
0.7877	0.5616	1.7339	0.5097	3.5081
0.7877	0.5611	1.7337	0.5132	3.5585
0.7878	0.5599	1.7300	0.5147	3.4789
0.7921	0.5641	1.7349	0.5215	3.6632
0.7896	0.5621	1.7364	0.5247	3.5727
0.7912	0.5659	1.7381	0.5308	3.6469
0.7921	0.5673	1.7350	0.5235	3.5706
0.7890	0.5649	1.7276	0.5237	3.5812
0.7922	0.5662	1.7336	0.5136	3.5599
0.7899	0.5640	1.7274	0.5154	3.5926
0.7896	0.5650	1.7234	0.5284	3.5353
0.7848	0.5590	1.7242	0.5121	3.3866
0.7961	0.5645	1.7457	0.5238	3.5858
0.7888	0.5610	1.7294	0.5220	3.5374
0.7912	0.5624	1.7378	0.5185	3.6283
0.7919	0.5627	1.7354	0.5225	3.5255
0.7887	0.5640	1.7173	0.5179	3.6632


IPCC
==========================================
0.9475	0.6769	1.8679	0.7620	5.8299
0.9496	0.6742	1.8905	0.7561	5.6649
0.9430	0.6709	1.8710	0.7642	5.6550
0.9354	0.6669	1.8698	0.7487	5.6296
0.9371	0.6676	1.8723	0.7562	5.5710
0.9457	0.6722	1.8708	0.7627	5.7688
0.9464	0.6741	1.8804	0.7558	5.7607
0.9463	0.6737	1.8819	0.7627	5.7805
0.9407	0.6729	1.8720	0.7613	5.6697
0.9444	0.6764	1.8750	0.7583	5.8041
0.9368	0.6707	1.8595	0.7594	5.7023
0.9538	0.6817	1.8787	0.7715	5.8550
0.9501	0.6784	1.8763	0.7709	5.8118
0.9589	0.6862	1.8770	0.7739	5.9585
0.9539	0.6794	1.8848	0.7648	5.7834
0.9521	0.6751	1.8875	0.7549	5.7889
0.9524	0.6774	1.8752	0.7642	5.9146
0.9548	0.6787	1.8899	0.7575	5.8870
0.9511	0.6758	1.8799	0.7585	5.7916
0.9421	0.6737	1.8650	0.7570	5.7623


UIPCC
==========================================
0.7946	0.5676	1.7227	0.5317	3.8827
0.7980	0.5665	1.7434	0.5346	3.8745
0.7992	0.5686	1.7266	0.5478	3.9259
0.7924	0.5650	1.7314	0.5314	3.8265
0.7925	0.5646	1.7315	0.5298	3.8363
0.7938	0.5642	1.7277	0.5374	3.8551
0.7980	0.5684	1.7333	0.5412	3.9888
0.7954	0.5663	1.7344	0.5452	3.9281
0.7963	0.5695	1.7349	0.5527	3.9701
0.7976	0.5713	1.7328	0.5458	3.9339
0.7939	0.5684	1.7236	0.5468	3.9184
0.7990	0.5711	1.7321	0.5397	3.9016
0.7961	0.5684	1.7258	0.5405	3.9535
0.7979	0.5710	1.7221	0.5570	3.9264
0.7932	0.5650	1.7250	0.5382	3.7856
0.8028	0.5692	1.7440	0.5467	3.9634
0.7965	0.5665	1.7276	0.5458	3.9294
0.7991	0.5680	1.7378	0.5440	3.9813
0.7989	0.5676	1.7338	0.5451	3.9138
0.7945	0.5682	1.7155	0.5381	4.0068


