Metric: | MAE	| NMAE	| RMSE	| MRE	| NPRE	
==========================================
UMEAN
Avg:	1.4706	0.9730	2.6588	1.9430	11.4193
Std:	0.0033	0.0038	0.0040	0.0225	0.0977
==========================================
IMEAN
Avg:	1.2870	0.8516	2.4683	1.1525	7.6184
Std:	0.0032	0.0029	0.0051	0.0167	0.0650
==========================================
UPCC
Avg:	0.9518	0.6298	1.9923	0.6231	5.3232
Std:	0.0052	0.0040	0.0051	0.0125	0.1510
==========================================
IPCC
Avg:	1.0685	0.7070	2.0889	0.8038	6.0718
Std:	0.0040	0.0028	0.0059	0.0058	0.0561
==========================================
UIPCC
Avg:	0.9513	0.6295	1.9885	0.6326	5.3599
Std:	0.0044	0.0034	0.0052	0.0110	0.1215
==========================================


Detailed results for 20 rounds:
==========================================
UMEAN
==========================================
1.4707	0.9737	2.6594	1.9545	11.4439
1.4789	0.9806	2.6538	1.9819	11.6075
1.4663	0.9672	2.6657	1.9014	11.3772
1.4657	0.9677	2.6619	1.9147	11.2483
1.4712	0.9742	2.6610	1.9316	11.3942
1.4688	0.9691	2.6614	1.9303	11.3999
1.4732	0.9765	2.6562	1.9661	11.5797
1.4670	0.9678	2.6642	1.9126	11.2535
1.4678	0.9691	2.6642	1.9365	11.2959
1.4671	0.9709	2.6609	1.9136	11.3156
1.4695	0.9736	2.6582	1.9432	11.4614
1.4739	0.9757	2.6553	1.9659	11.5378
1.4703	0.9731	2.6570	1.9389	11.4495
1.4741	0.9779	2.6525	1.9570	11.4910
1.4714	0.9719	2.6599	1.9586	11.4275
1.4677	0.9698	2.6621	1.9242	11.3528
1.4754	0.9792	2.6497	1.9827	11.5271
1.4731	0.9753	2.6564	1.9620	11.3726
1.4694	0.9735	2.6581	1.9398	11.3855
1.4707	0.9736	2.6586	1.9443	11.4658


IMEAN
==========================================
1.2887	0.8532	2.4755	1.1575	7.6343
1.2823	0.8503	2.4628	1.1507	7.5509
1.2897	0.8507	2.4720	1.1395	7.6131
1.2835	0.8474	2.4665	1.1643	7.5851
1.2902	0.8544	2.4661	1.1676	7.6431
1.2834	0.8468	2.4747	1.1251	7.4957
1.2896	0.8548	2.4676	1.1581	7.6834
1.2861	0.8485	2.4733	1.1458	7.5944
1.2860	0.8491	2.4774	1.1407	7.6250
1.2936	0.8561	2.4633	1.1955	7.6988
1.2855	0.8517	2.4684	1.1515	7.5861
1.2874	0.8522	2.4629	1.1414	7.5637
1.2872	0.8520	2.4673	1.1564	7.6123
1.2885	0.8548	2.4605	1.1555	7.7091
1.2806	0.8459	2.4724	1.1156	7.4836
1.2894	0.8520	2.4746	1.1502	7.6726
1.2863	0.8537	2.4597	1.1626	7.6667
1.2827	0.8492	2.4663	1.1449	7.5956
1.2907	0.8551	2.4646	1.1749	7.7420
1.2892	0.8535	2.4697	1.1533	7.6133


UPCC
==========================================
0.9536	0.6314	2.0016	0.6172	5.2982
0.9599	0.6365	1.9872	0.6544	5.5722
0.9553	0.6302	1.9919	0.6171	5.3665
0.9445	0.6236	1.9952	0.6100	5.1267
0.9521	0.6305	1.9843	0.6276	5.3304
0.9515	0.6277	1.9946	0.6152	5.2363
0.9444	0.6260	1.9909	0.6123	5.2154
0.9558	0.6306	1.9980	0.6193	5.2694
0.9474	0.6255	1.9975	0.6113	5.1125
0.9576	0.6338	1.9902	0.6406	5.4156
0.9467	0.6272	1.9879	0.6107	5.2509
0.9520	0.6302	1.9836	0.6264	5.4450
0.9577	0.6339	1.9941	0.6393	5.4372
0.9529	0.6322	1.9869	0.6316	5.3476
0.9440	0.6235	1.9974	0.6049	5.2216
0.9460	0.6251	1.9943	0.6130	5.0660
0.9629	0.6390	1.9917	0.6403	5.7140
0.9503	0.6292	1.9985	0.6243	5.2744
0.9502	0.6295	1.9845	0.6264	5.4355
0.9512	0.6297	1.9954	0.6205	5.3288


IPCC
==========================================
1.0709	0.7090	2.0984	0.8038	6.1008
1.0643	0.7057	2.0782	0.8118	6.0259
1.0761	0.7098	2.0981	0.8033	6.1343
1.0631	0.7019	2.0881	0.7998	5.9923
1.0705	0.7089	2.0860	0.8055	6.0611
1.0701	0.7060	2.0926	0.7931	6.0741
1.0704	0.7095	2.0927	0.8097	6.0615
1.0748	0.7091	2.0970	0.8096	6.0934
1.0658	0.7037	2.0917	0.7981	6.0042
1.0725	0.7098	2.0870	0.8146	6.1508
1.0665	0.7066	2.0856	0.8019	6.0570
1.0681	0.7071	2.0826	0.8011	6.0580
1.0697	0.7080	2.0893	0.8062	6.0855
1.0737	0.7123	2.0830	0.8138	6.1774
1.0635	0.7024	2.0861	0.7947	6.0000
1.0682	0.7058	2.0965	0.8023	6.1086
1.0648	0.7066	2.0778	0.8017	6.1164
1.0614	0.7027	2.0858	0.8016	5.9706
1.0711	0.7096	2.0883	0.8072	6.1444
1.0653	0.7053	2.0925	0.7974	6.0205


UIPCC
==========================================
0.9536	0.6314	1.9984	0.6287	5.3517
0.9567	0.6344	1.9822	0.6584	5.5673
0.9556	0.6303	1.9900	0.6248	5.4181
0.9450	0.6239	1.9911	0.6218	5.1986
0.9519	0.6304	1.9813	0.6383	5.3396
0.9511	0.6275	1.9910	0.6229	5.2966
0.9456	0.6268	1.9878	0.6266	5.2665
0.9560	0.6307	1.9950	0.6316	5.3447
0.9478	0.6258	1.9940	0.6229	5.1940
0.9570	0.6334	1.9865	0.6526	5.4581
0.9470	0.6274	1.9839	0.6240	5.3077
0.9514	0.6298	1.9797	0.6370	5.4599
0.9562	0.6329	1.9898	0.6455	5.4386
0.9532	0.6324	1.9825	0.6429	5.3744
0.9442	0.6236	1.9923	0.6141	5.2724
0.9465	0.6254	1.9916	0.6253	5.1599
0.9592	0.6366	1.9859	0.6418	5.6630
0.9482	0.6278	1.9934	0.6287	5.2915
0.9504	0.6296	1.9816	0.6373	5.4521
0.9502	0.6290	1.9922	0.6272	5.3438


