Metric: | MAE	| NMAE	| RMSE	| MRE	| NPRE	
==========================================
UMEAN
Avg:	1.4693	0.9715	2.6605	1.9410	11.3865
Std:	0.0014	0.0024	0.0052	0.0132	0.0710
==========================================
IMEAN
Avg:	1.2733	0.8419	2.4425	1.2697	7.5364
Std:	0.0020	0.0015	0.0051	0.0151	0.0446
==========================================
UPCC
Avg:	0.8989	0.5943	1.9340	0.5686	4.5330
Std:	0.0034	0.0025	0.0053	0.0085	0.1291
==========================================
IPCC
Avg:	1.0104	0.6681	2.0360	0.7475	5.6627
Std:	0.0042	0.0025	0.0055	0.0062	0.0683
==========================================
UIPCC
Avg:	0.8977	0.5935	1.9279	0.5819	4.6733
Std:	0.0028	0.0019	0.0052	0.0064	0.1038
==========================================


Detailed results for 20 rounds:
==========================================
UMEAN
==========================================
1.4689	0.9710	2.6622	1.9440	11.3576
1.4728	0.9776	2.6479	1.9672	11.5781
1.4703	0.9700	2.6635	1.9378	11.4137
1.4666	0.9701	2.6614	1.9217	11.2449
1.4698	0.9719	2.6637	1.9342	11.3438
1.4681	0.9666	2.6657	1.9191	11.3081
1.4701	0.9724	2.6592	1.9552	11.4725
1.4704	0.9706	2.6646	1.9367	11.3792
1.4686	0.9689	2.6636	1.9348	11.3347
1.4691	0.9698	2.6688	1.9243	11.3199
1.4669	0.9702	2.6647	1.9345	11.3598
1.4714	0.9743	2.6540	1.9633	11.4677
1.4696	0.9736	2.6607	1.9479	11.4673
1.4698	0.9752	2.6536	1.9492	11.4251
1.4698	0.9712	2.6590	1.9483	11.3933
1.4689	0.9699	2.6637	1.9305	11.3546
1.4705	0.9731	2.6522	1.9526	11.4134
1.4682	0.9719	2.6558	1.9537	11.3963
1.4684	0.9718	2.6594	1.9371	11.3490
1.4688	0.9702	2.6658	1.9271	11.3506


IMEAN
==========================================
1.2730	0.8415	2.4488	1.2539	7.5152
1.2694	0.8426	2.4352	1.2833	7.6062
1.2744	0.8408	2.4436	1.2610	7.5174
1.2737	0.8425	2.4312	1.3024	7.5846
1.2745	0.8428	2.4438	1.2581	7.4881
1.2731	0.8382	2.4498	1.2446	7.4473
1.2739	0.8427	2.4407	1.2744	7.5699
1.2728	0.8401	2.4452	1.2613	7.5264
1.2734	0.8401	2.4453	1.2792	7.5248
1.2784	0.8439	2.4440	1.3000	7.5890
1.2751	0.8434	2.4446	1.2764	7.5426
1.2702	0.8410	2.4390	1.2777	7.5182
1.2726	0.8430	2.4431	1.2743	7.5133
1.2732	0.8447	2.4304	1.2779	7.6171
1.2709	0.8398	2.4487	1.2527	7.5161
1.2759	0.8424	2.4459	1.2618	7.5247
1.2713	0.8413	2.4416	1.2577	7.5291
1.2724	0.8423	2.4452	1.2556	7.4853
1.2736	0.8429	2.4400	1.2807	7.6111
1.2749	0.8422	2.4440	1.2612	7.5014


UPCC
==========================================
0.8964	0.5926	1.9407	0.5592	4.4232
0.9056	0.6011	1.9327	0.5911	4.7847
0.9012	0.5945	1.9335	0.5628	4.5869
0.8959	0.5926	1.9297	0.5647	4.4776
0.8981	0.5939	1.9278	0.5712	4.5110
0.9002	0.5927	1.9405	0.5618	4.4024
0.8936	0.5911	1.9316	0.5550	4.3699
0.8978	0.5926	1.9374	0.5643	4.3687
0.8993	0.5933	1.9347	0.5692	4.5323
0.9035	0.5964	1.9313	0.5811	4.7277
0.8965	0.5930	1.9370	0.5599	4.4969
0.9000	0.5960	1.9286	0.5774	4.6550
0.9014	0.5971	1.9383	0.5773	4.6819
0.8954	0.5941	1.9272	0.5702	4.4829
0.8962	0.5922	1.9396	0.5584	4.4203
0.9002	0.5943	1.9386	0.5690	4.4836
0.9038	0.5981	1.9248	0.5752	4.7768
0.8937	0.5916	1.9382	0.5650	4.3706
0.8953	0.5926	1.9264	0.5688	4.5441
0.9030	0.5965	1.9423	0.5698	4.5642


IPCC
==========================================
1.0146	0.6707	2.0497	0.7452	5.6735
1.0029	0.6657	2.0272	0.7456	5.6449
1.0161	0.6703	2.0367	0.7502	5.7508
1.0153	0.6715	2.0349	0.7584	5.7663
1.0126	0.6696	2.0344	0.7401	5.6922
1.0103	0.6652	2.0405	0.7347	5.5754
1.0113	0.6689	2.0359	0.7520	5.6638
1.0098	0.6665	2.0409	0.7446	5.6197
1.0082	0.6652	2.0356	0.7469	5.5970
1.0168	0.6713	2.0415	0.7560	5.7333
1.0094	0.6676	2.0386	0.7494	5.6166
1.0088	0.6680	2.0296	0.7476	5.6564
1.0019	0.6638	2.0319	0.7399	5.5727
1.0138	0.6726	2.0306	0.7589	5.8055
1.0088	0.6666	2.0394	0.7415	5.6498
1.0109	0.6674	2.0355	0.7475	5.6558
1.0099	0.6683	2.0279	0.7471	5.6716
1.0034	0.6642	2.0356	0.7406	5.5184
1.0077	0.6669	2.0304	0.7522	5.6725
1.0155	0.6708	2.0434	0.7517	5.7170


UIPCC
==========================================
0.8968	0.5928	1.9359	0.5756	4.5972
0.9016	0.5984	1.9252	0.5968	4.8709
0.9007	0.5942	1.9272	0.5789	4.7447
0.8964	0.5929	1.9236	0.5852	4.6539
0.8977	0.5937	1.9222	0.5841	4.6642
0.8993	0.5921	1.9340	0.5743	4.5508
0.8934	0.5910	1.9260	0.5738	4.5550
0.8974	0.5923	1.9325	0.5768	4.5368
0.8976	0.5922	1.9284	0.5825	4.6572
0.9026	0.5959	1.9270	0.5925	4.8461
0.8961	0.5927	1.9308	0.5786	4.6344
0.8983	0.5948	1.9224	0.5887	4.7565
0.8980	0.5949	1.9306	0.5859	4.7772
0.8955	0.5941	1.9208	0.5886	4.6586
0.8950	0.5914	1.9335	0.5724	4.5939
0.8984	0.5931	1.9316	0.5805	4.6189
0.9012	0.5964	1.9187	0.5858	4.8477
0.8921	0.5905	1.9320	0.5758	4.5083
0.8946	0.5921	1.9208	0.5823	4.6952
0.9012	0.5953	1.9354	0.5795	4.6993


