Metric: | MAE	| NMAE	| RMSE	| MRE	| NPRE	
==========================================
UMEAN
Avg:	14.9414	1.3502	53.4951	4.2465	34.3458
Std:	0.0243	0.0073	1.0060	0.0509	0.3781
==========================================
IMEAN
Avg:	7.5127	0.6789	40.6522	0.5632	7.1161
Std:	0.0413	0.0039	1.0034	0.0017	0.0559
==========================================
UPCC
Avg:	8.1206	0.7338	36.3587	1.4773	19.8123
Std:	0.0906	0.0094	1.0588	0.0618	0.3004
==========================================
IPCC
Avg:	8.6911	0.7854	40.3167	0.7376	11.5774
Std:	0.1350	0.0110	0.9593	0.0079	0.1991
==========================================
UIPCC
Avg:	8.1137	0.7332	37.8413	1.3269	17.2563
Std:	0.0879	0.0074	1.0642	0.0263	0.2002
==========================================


Detailed results for 20 rounds:
==========================================
UMEAN
==========================================
14.9666	1.3581	51.6988	4.2047	34.0673
14.9177	1.3419	54.6607	4.2040	33.9578
14.9105	1.3426	52.5623	4.1752	33.7591
14.9307	1.3455	53.6628	4.2283	33.9526
14.9036	1.3345	54.4137	4.1480	33.6615
14.9353	1.3539	53.9333	4.3106	34.7312
14.9773	1.3627	52.9495	4.2779	35.0987
14.9638	1.3587	53.3896	4.3432	34.8364
14.9358	1.3465	54.5688	4.2817	34.6685
14.9596	1.3577	53.4151	4.2745	34.3918
14.9492	1.3443	52.0396	4.1759	34.0792
14.9606	1.3560	54.2974	4.2636	34.7652
14.9018	1.3433	52.6103	4.2673	34.3823
14.9449	1.3537	53.3550	4.2882	34.4040
14.9412	1.3490	54.5532	4.2942	34.0752
14.9601	1.3536	55.1169	4.2439	34.5052
14.9390	1.3474	53.9748	4.2113	34.0311
14.8963	1.3416	53.5855	4.1864	34.5429
14.9751	1.3572	53.7703	4.2881	34.6819
14.9597	1.3559	51.3442	4.2636	34.3240


IMEAN
==========================================
7.5416	0.6844	39.3242	0.5623	7.1358
7.5617	0.6802	41.7158	0.5636	7.1916
7.5599	0.6807	39.9373	0.5604	7.0942
7.5478	0.6802	40.5128	0.5647	7.1826
7.5772	0.6785	41.5984	0.5641	7.0884
7.4239	0.6730	41.3155	0.5637	7.1176
7.4893	0.6814	40.2597	0.5658	7.1732
7.5083	0.6817	40.7196	0.5653	7.2192
7.5137	0.6774	41.4726	0.5656	7.1246
7.4970	0.6804	40.8897	0.5615	7.1186
7.4513	0.6701	38.8659	0.5628	7.0684
7.4829	0.6782	41.2554	0.5623	6.9921
7.5158	0.6775	39.3649	0.5661	7.2023
7.5737	0.6860	40.9536	0.5626	7.0899
7.5341	0.6802	41.7556	0.5642	7.0828
7.4923	0.6779	42.2952	0.5620	7.1419
7.4413	0.6712	40.8418	0.5627	7.0383
7.5035	0.6758	40.5716	0.5630	7.0703
7.5239	0.6819	41.0014	0.5605	7.0857
7.5155	0.6812	38.3928	0.5615	7.1055


UPCC
==========================================
8.2818	0.7515	34.9015	1.4920	20.1907
8.0807	0.7269	37.0357	1.4791	19.2419
8.1708	0.7358	35.5045	1.4858	19.7754
7.9637	0.7177	35.8011	1.3843	19.3778
8.1789	0.7323	37.4955	1.4041	19.7913
8.0774	0.7322	37.5240	1.5183	19.8925
8.1963	0.7457	35.7679	1.5053	20.1673
8.1221	0.7375	36.4996	1.5418	20.1878
7.9246	0.7144	36.7777	1.3433	19.7903
8.2253	0.7465	37.2300	1.5264	19.7504
8.2074	0.7381	34.4139	1.4462	20.2880
8.1334	0.7372	36.7737	1.5509	19.5522
8.1085	0.7310	35.5956	1.4750	19.9274
8.2769	0.7497	37.3924	1.6049	20.2570
8.0648	0.7281	37.3088	1.4726	19.6034
8.0386	0.7273	37.7210	1.5007	19.5548
8.0815	0.7289	36.5667	1.4796	19.6935
8.0792	0.7276	36.3247	1.4204	19.3566
8.1383	0.7376	36.6945	1.5208	19.9815
8.0610	0.7306	33.8441	1.3955	19.8666


IPCC
==========================================
8.8484	0.8029	39.1944	0.7374	11.6634
8.7508	0.7872	41.7791	0.7353	11.5268
8.8304	0.7952	39.5997	0.7400	11.5947
8.6649	0.7809	40.4366	0.7364	11.7027
8.8583	0.7932	41.4781	0.7546	11.9022
8.5306	0.7733	40.8392	0.7330	11.5149
8.4167	0.7658	39.6111	0.7291	11.1708
8.6213	0.7828	40.0701	0.7257	11.5028
8.6457	0.7794	41.0125	0.7404	11.6125
8.5950	0.7800	40.5231	0.7316	11.3144
8.5966	0.7731	38.4617	0.7381	11.5545
8.5197	0.7722	40.6928	0.7300	11.2677
8.9464	0.8065	39.4728	0.7517	11.9423
8.7145	0.7893	40.6893	0.7343	11.5919
8.8399	0.7981	41.3981	0.7541	11.9546
8.5197	0.7708	41.5235	0.7278	11.3950
8.7907	0.7929	40.4808	0.7384	11.5035
8.6591	0.7799	40.2566	0.7412	11.6432
8.7396	0.7921	40.6382	0.7325	11.5907
8.7339	0.7916	38.1767	0.7395	11.5991


UIPCC
==========================================
8.2551	0.7491	36.3999	1.3676	17.5543
8.1453	0.7327	39.0244	1.3123	16.9176
8.2241	0.7406	36.9893	1.3409	17.2476
8.0283	0.7235	37.6841	1.2717	16.9954
8.2407	0.7379	39.0311	1.3177	17.2808
8.0074	0.7259	38.7243	1.3303	17.1647
7.9765	0.7257	37.2528	1.3247	17.1358
8.0681	0.7326	37.7297	1.3340	17.4384
8.0144	0.7225	38.6054	1.2745	17.1834
8.1001	0.7351	38.3417	1.3376	17.1635
8.0879	0.7273	35.8222	1.3301	17.3826
8.0270	0.7275	38.3505	1.3366	17.0496
8.2544	0.7441	36.8219	1.3385	17.6305
8.1762	0.7406	38.3978	1.3817	17.4952
8.1854	0.7390	38.9545	1.3310	17.4952
7.9896	0.7229	39.3033	1.3205	17.0228
8.1439	0.7345	37.9437	1.3464	17.1146
8.0823	0.7279	37.8303	1.3054	17.1001
8.1482	0.7385	38.1947	1.3442	17.4718
8.1199	0.7360	35.4250	1.2915	17.2815


