Metric: | MAE	| NMAE	| RMSE	| MRE	| NPRE	
==========================================
UMEAN
Avg:	1.5813	1.0140	2.9410	2.0792	12.2329
Std:	0.0089	0.0069	0.0074	0.0454	0.2162
==========================================
IMEAN
Avg:	1.3825	0.8865	2.7414	0.8869	7.7947
Std:	0.0087	0.0058	0.0131	0.0076	0.1628
==========================================
UPCC
Avg:	1.2028	0.7712	2.4032	0.8990	8.4207
Std:	0.0078	0.0056	0.0098	0.0152	0.1502
==========================================
IPCC
Avg:	1.2387	0.7943	2.4923	0.7820	6.8799
Std:	0.0081	0.0057	0.0133	0.0080	0.1376
==========================================
UIPCC
Avg:	1.1835	0.7589	2.3820	0.8955	8.0027
Std:	0.0070	0.0051	0.0096	0.0180	0.1294
==========================================


Detailed results for 20 rounds:
==========================================
UMEAN
==========================================
1.5831	1.0172	2.9351	2.0563	12.3270
1.5767	1.0101	2.9451	2.0223	12.0585
1.5740	1.0068	2.9455	2.0646	12.1397
1.5880	1.0187	2.9414	2.0999	12.4191
1.5655	1.0025	2.9434	1.9935	11.9186
1.5822	1.0148	2.9378	2.0898	12.2345
1.5889	1.0220	2.9323	2.1158	12.4417
1.5771	1.0075	2.9555	2.0214	11.8800
1.5927	1.0225	2.9331	2.1173	12.3975
1.5793	1.0109	2.9442	2.0759	12.2633
1.5771	1.0116	2.9381	2.0660	12.1535
1.5967	1.0241	2.9443	2.1562	12.5869
1.5799	1.0156	2.9309	2.1056	12.3701
1.5863	1.0168	2.9428	2.1123	12.3966
1.5842	1.0165	2.9373	2.1163	12.3163
1.5979	1.0261	2.9382	2.1525	12.4865
1.5734	1.0057	2.9597	2.0380	11.9731
1.5664	1.0034	2.9427	2.0172	11.9172
1.5700	1.0069	2.9427	2.0425	11.9270
1.5867	1.0194	2.9291	2.1197	12.4519


IMEAN
==========================================
1.3882	0.8920	2.7453	0.8933	7.7114
1.3873	0.8887	2.7421	0.8873	7.6574
1.3610	0.8706	2.7227	0.8711	7.6693
1.3882	0.8905	2.7498	0.8931	7.9172
1.3823	0.8852	2.7528	0.8857	7.7927
1.3865	0.8893	2.7506	0.8780	7.8571
1.3801	0.8877	2.7305	0.8947	7.7598
1.3805	0.8819	2.7642	0.8727	7.5019
1.3729	0.8813	2.7352	0.8835	7.5570
1.3713	0.8778	2.7370	0.8763	7.5771
1.3833	0.8874	2.7528	0.8889	7.8402
1.3817	0.8862	2.7329	0.8936	7.9038
1.3805	0.8874	2.7499	0.8802	7.7303
1.3769	0.8825	2.7204	0.8929	7.8634
1.3831	0.8874	2.7345	0.8907	7.7987
1.3893	0.8921	2.7419	0.8852	8.1330
1.4067	0.8991	2.7679	0.8993	8.0723
1.3809	0.8846	2.7308	0.8903	7.7104
1.3896	0.8912	2.7471	0.8892	7.8060
1.3796	0.8864	2.7190	0.8927	8.0342


UPCC
==========================================
1.2182	0.7828	2.4120	0.9176	8.6513
1.2185	0.7806	2.4197	0.9227	8.4838
1.1919	0.7624	2.3918	0.8792	8.3768
1.2141	0.7788	2.4053	0.9169	8.6438
1.1964	0.7662	2.4187	0.8855	8.0353
1.2060	0.7735	2.4085	0.8996	8.4043
1.2079	0.7769	2.4003	0.9220	8.6220
1.2021	0.7680	2.4105	0.8926	8.3171
1.2054	0.7738	2.3966	0.9130	8.5916
1.1970	0.7662	2.3945	0.8959	8.4439
1.2064	0.7739	2.4112	0.9098	8.4203
1.1991	0.7691	2.3962	0.8936	8.4342
1.1971	0.7695	2.4079	0.8897	8.2904
1.1936	0.7651	2.3900	0.8857	8.3840
1.1972	0.7681	2.4002	0.8803	8.3996
1.2122	0.7784	2.4068	0.9189	8.6290
1.2014	0.7679	2.4158	0.8755	8.2438
1.1972	0.7669	2.3971	0.8812	8.3204
1.1987	0.7688	2.3980	0.9032	8.3317
1.1949	0.7677	2.3826	0.8967	8.3914


IPCC
==========================================
1.2463	0.8008	2.5007	0.7892	6.8797
1.2315	0.7889	2.4810	0.7760	6.6184
1.2184	0.7793	2.4707	0.7616	6.7959
1.2449	0.7986	2.4999	0.7920	6.9835
1.2366	0.7919	2.5015	0.7801	6.8508
1.2419	0.7966	2.5003	0.7746	6.8698
1.2408	0.7981	2.4849	0.7889	6.9511
1.2328	0.7876	2.5076	0.7662	6.6086
1.2351	0.7929	2.4882	0.7831	6.7945
1.2313	0.7882	2.4870	0.7708	6.7471
1.2448	0.7985	2.5041	0.7864	7.0171
1.2362	0.7929	2.4807	0.7876	7.0100
1.2369	0.7951	2.5021	0.7834	6.7574
1.2321	0.7897	2.4705	0.7839	6.9409
1.2460	0.7994	2.4945	0.7858	6.9543
1.2503	0.8028	2.4986	0.7810	7.1706
1.2560	0.8028	2.5207	0.7898	6.9702
1.2344	0.7907	2.4790	0.7843	6.8161
1.2427	0.7970	2.5015	0.7854	6.8173
1.2351	0.7935	2.4732	0.7891	7.0451


UIPCC
==========================================
1.1969	0.7691	2.3897	0.9194	8.1736
1.1944	0.7652	2.3926	0.9179	7.9912
1.1716	0.7494	2.3702	0.8666	7.9785
1.1940	0.7659	2.3856	0.9175	8.2305
1.1784	0.7546	2.3974	0.8777	7.7177
1.1872	0.7615	2.3891	0.8929	7.9555
1.1880	0.7641	2.3779	0.9252	8.2064
1.1819	0.7551	2.3909	0.8852	7.8748
1.1844	0.7603	2.3761	0.9118	8.1186
1.1777	0.7539	2.3742	0.8860	7.9738
1.1877	0.7619	2.3897	0.9107	8.0485
1.1806	0.7572	2.3752	0.8941	8.0251
1.1780	0.7573	2.3874	0.8833	7.8674
1.1750	0.7531	2.3670	0.8788	7.9807
1.1800	0.7571	2.3782	0.8775	7.9990
1.1938	0.7666	2.3860	0.9174	8.2018
1.1856	0.7578	2.3963	0.8718	7.8501
1.1777	0.7544	2.3745	0.8764	7.9057
1.1811	0.7575	2.3796	0.9013	7.9419
1.1768	0.7560	2.3626	0.8988	8.0124


