Metric: | MAE	| NMAE	| RMSE	| MRE	| NPRE	
==========================================
UMEAN
Avg:	1.4474	0.9895	2.6681	1.9872	11.3891
Std:	0.0031	0.0029	0.0027	0.0232	0.1023
==========================================
IMEAN
Avg:	1.2293	0.8404	2.3754	0.9841	7.3679
Std:	0.0033	0.0030	0.0064	0.0098	0.0793
==========================================
UPCC
Avg:	0.9712	0.6640	2.0016	0.6954	6.4655
Std:	0.0060	0.0042	0.0085	0.0153	0.1359
==========================================
IPCC
Avg:	1.0368	0.7088	2.0677	0.7702	5.9880
Std:	0.0038	0.0028	0.0071	0.0036	0.0592
==========================================
UIPCC
Avg:	0.9634	0.6586	1.9947	0.6868	6.2365
Std:	0.0052	0.0037	0.0083	0.0131	0.1127
==========================================


Detailed results for 20 rounds:
==========================================
UMEAN
==========================================
1.4469	0.9892	2.6695	1.9820	11.4116
1.4500	0.9928	2.6657	2.0037	11.4062
1.4510	0.9925	2.6694	2.0158	11.5403
1.4479	0.9891	2.6710	1.9679	11.3123
1.4452	0.9893	2.6683	1.9804	11.3444
1.4459	0.9857	2.6725	1.9696	11.3258
1.4503	0.9912	2.6681	2.0158	11.4438
1.4473	0.9901	2.6650	2.0156	11.4755
1.4447	0.9874	2.6679	1.9708	11.3160
1.4539	0.9942	2.6694	2.0058	11.4866
1.4436	0.9867	2.6677	1.9593	11.4174
1.4396	0.9835	2.6680	1.9286	11.1223
1.4469	0.9873	2.6699	2.0019	11.4298
1.4464	0.9886	2.6693	1.9890	11.3589
1.4474	0.9883	2.6686	1.9683	11.3694
1.4509	0.9942	2.6606	2.0076	11.4378
1.4507	0.9936	2.6674	2.0057	11.4905
1.4475	0.9901	2.6651	2.0103	11.5495
1.4476	0.9911	2.6664	1.9822	11.3327
1.4440	0.9859	2.6733	1.9638	11.2109


IMEAN
==========================================
1.2288	0.8401	2.3671	0.9943	7.3698
1.2308	0.8428	2.3725	0.9893	7.5429
1.2296	0.8410	2.3661	0.9955	7.2749
1.2314	0.8411	2.3791	0.9686	7.3718
1.2322	0.8435	2.3720	0.9873	7.3550
1.2249	0.8350	2.3770	0.9683	7.2922
1.2262	0.8381	2.3814	0.9855	7.4077
1.2363	0.8457	2.3876	0.9998	7.3886
1.2281	0.8394	2.3823	0.9771	7.3098
1.2280	0.8398	2.3788	0.9816	7.4280
1.2285	0.8397	2.3724	0.9797	7.3795
1.2275	0.8386	2.3689	0.9926	7.3792
1.2243	0.8354	2.3866	0.9725	7.1752
1.2344	0.8437	2.3834	0.9831	7.4650
1.2223	0.8347	2.3729	0.9702	7.2494
1.2283	0.8417	2.3743	0.9774	7.4534
1.2330	0.8445	2.3679	0.9935	7.3636
1.2280	0.8400	2.3720	0.9804	7.4079
1.2310	0.8428	2.3781	1.0015	7.3414
1.2315	0.8408	2.3683	0.9828	7.4022


UPCC
==========================================
0.9697	0.6630	1.9892	0.7074	6.4291
0.9649	0.6607	2.0020	0.6822	6.4430
0.9670	0.6614	1.9934	0.6946	6.3516
0.9818	0.6707	2.0071	0.7191	6.5207
0.9698	0.6639	1.9958	0.6914	6.3599
0.9728	0.6631	2.0015	0.6888	6.5604
0.9630	0.6582	2.0082	0.6701	6.2532
0.9724	0.6652	2.0154	0.6734	6.3994
0.9770	0.6677	2.0086	0.7078	6.5074
0.9804	0.6704	2.0138	0.7026	6.6450
0.9714	0.6639	1.9984	0.7015	6.4222
0.9728	0.6646	1.9928	0.7161	6.6403
0.9613	0.6559	2.0110	0.6759	6.2784
0.9774	0.6680	2.0164	0.6944	6.4553
0.9759	0.6664	2.0027	0.6942	6.5556
0.9790	0.6709	2.0029	0.7297	6.8074
0.9735	0.6667	1.9960	0.6961	6.5561
0.9645	0.6597	1.9933	0.6857	6.4207
0.9663	0.6615	1.9943	0.6971	6.4509
0.9633	0.6577	1.9883	0.6792	6.2540


IPCC
==========================================
1.0349	0.7075	2.0526	0.7775	6.0339
1.0365	0.7097	2.0646	0.7757	6.0871
1.0317	0.7057	2.0590	0.7666	5.9216
1.0427	0.7122	2.0750	0.7684	6.0370
1.0382	0.7107	2.0662	0.7705	5.9855
1.0374	0.7072	2.0667	0.7649	6.0256
1.0314	0.7049	2.0713	0.7672	5.8859
1.0450	0.7149	2.0809	0.7725	6.0467
1.0395	0.7105	2.0770	0.7690	6.0023
1.0338	0.7069	2.0727	0.7674	5.9637
1.0375	0.7091	2.0661	0.7714	6.0080
1.0347	0.7069	2.0602	0.7753	5.9951
1.0339	0.7055	2.0778	0.7653	5.8505
1.0421	0.7122	2.0748	0.7693	6.0126
1.0323	0.7049	2.0611	0.7686	5.8905
1.0370	0.7106	2.0691	0.7713	6.0484
1.0402	0.7124	2.0663	0.7773	6.0147
1.0345	0.7077	2.0632	0.7691	5.9802
1.0325	0.7069	2.0680	0.7688	5.9593
1.0395	0.7097	2.0605	0.7686	6.0106


UIPCC
==========================================
0.9619	0.6577	1.9819	0.6983	6.2276
0.9579	0.6559	1.9942	0.6787	6.2307
0.9591	0.6560	1.9860	0.6886	6.1485
0.9731	0.6647	2.0006	0.7077	6.3005
0.9626	0.6590	1.9897	0.6845	6.1389
0.9651	0.6579	1.9942	0.6815	6.3104
0.9560	0.6534	2.0013	0.6650	6.0553
0.9665	0.6612	2.0088	0.6662	6.1897
0.9685	0.6620	2.0022	0.6949	6.2916
0.9702	0.6634	2.0063	0.6943	6.3435
0.9635	0.6585	1.9917	0.6924	6.1937
0.9637	0.6584	1.9862	0.7017	6.4019
0.9551	0.6517	2.0046	0.6685	6.0885
0.9700	0.6630	2.0086	0.6869	6.2381
0.9656	0.6594	1.9942	0.6846	6.2504
0.9696	0.6645	1.9965	0.7160	6.5392
0.9658	0.6615	1.9892	0.6902	6.2904
0.9575	0.6550	1.9871	0.6793	6.2143
0.9577	0.6557	1.9883	0.6852	6.2162
0.9576	0.6538	1.9823	0.6722	6.0614


