Metric: | MAE	| NMAE	| RMSE	| MRE	| NPRE	
==========================================
UMEAN
Avg:	14.9106	1.3396	53.0507	4.0465	31.2824
Std:	0.0216	0.0077	1.3217	0.0335	0.3332
==========================================
IMEAN
Avg:	7.5147	0.6751	40.0324	0.5595	7.4929
Std:	0.0374	0.0032	1.3482	0.0015	0.0931
==========================================
UPCC
Avg:	7.8076	0.7015	34.7275	1.2213	17.8220
Std:	0.0869	0.0099	1.4631	0.0770	0.4490
==========================================
IPCC
Avg:	8.1453	0.7318	38.6936	0.6614	10.2530
Std:	0.0792	0.0059	1.4630	0.0053	0.1419
==========================================
UIPCC
Avg:	7.6251	0.6851	36.1130	1.0969	15.3791
Std:	0.0490	0.0047	1.5537	0.0391	0.2243
==========================================


Detailed results for 20 rounds:
==========================================
UMEAN
==========================================
14.8797	1.3386	51.7267	4.0380	31.2954
14.8912	1.3284	55.4628	4.0082	30.8845
14.9170	1.3355	52.8156	4.0659	31.5122
14.8997	1.3403	54.3917	4.0324	31.4596
14.9040	1.3299	54.5843	3.9976	30.9577
14.9011	1.3392	53.2657	4.0591	31.0762
14.9092	1.3425	52.2788	4.0531	31.5231
14.9179	1.3484	50.0307	4.0475	31.5192
14.9423	1.3452	54.7543	4.0588	31.6365
14.9001	1.3423	51.2252	4.0570	31.3580
14.9079	1.3470	52.6315	4.0900	31.8044
14.9352	1.3425	53.1758	4.0850	31.4361
14.8976	1.3367	53.2056	4.0197	31.1410
14.8927	1.3339	53.5380	4.0003	30.8871
14.9657	1.3591	51.5539	4.1181	31.5911
14.9032	1.3364	53.1950	4.0210	30.8279
14.9359	1.3440	52.3683	4.0584	31.5543
14.8888	1.3299	53.1637	4.0046	31.1139
14.8868	1.3265	55.0021	4.0160	30.4937
14.9365	1.3468	52.6437	4.0986	31.5765


IMEAN
==========================================
7.4583	0.6709	38.3475	0.5582	7.3888
7.5268	0.6714	42.3490	0.5582	7.5220
7.5414	0.6752	39.9755	0.5607	7.5279
7.4902	0.6738	41.3765	0.5600	7.5794
7.5304	0.6719	41.5126	0.5575	7.3475
7.5539	0.6789	40.3945	0.5589	7.5244
7.5494	0.6798	39.2756	0.5611	7.6151
7.4955	0.6775	36.9243	0.5618	7.5555
7.4817	0.6735	41.8535	0.5605	7.5893
7.5675	0.6817	38.4945	0.5584	7.3897
7.4539	0.6735	40.0369	0.5593	7.6078
7.4955	0.6738	39.8513	0.5593	7.3237
7.5227	0.6750	40.1396	0.5628	7.4832
7.5799	0.6789	40.7197	0.5574	7.3543
7.4689	0.6783	38.4865	0.5601	7.5936
7.5649	0.6783	40.2112	0.5619	7.3767
7.4984	0.6747	39.3204	0.5593	7.4958
7.5142	0.6712	39.6948	0.5591	7.5759
7.5351	0.6714	42.1133	0.5573	7.4932
7.4656	0.6732	39.5700	0.5585	7.5134


UPCC
==========================================
7.8274	0.7041	32.8162	1.2387	18.1609
7.7524	0.6916	36.8396	1.2522	17.6875
7.7465	0.6935	34.9788	1.1583	17.4157
7.7025	0.6929	35.7034	1.1166	17.6465
7.7560	0.6921	36.2898	1.1926	17.1773
7.7590	0.6973	35.2157	1.1769	17.5726
7.7470	0.6976	33.8155	1.1796	17.6328
7.9107	0.7150	31.8892	1.3452	18.0387
7.9195	0.7129	37.4384	1.2761	18.3653
7.9011	0.7118	32.9592	1.2823	18.1551
7.9035	0.7141	35.5834	1.2390	18.7487
7.6785	0.6902	34.0866	1.1393	17.5687
7.8015	0.7000	34.4916	1.1025	17.5629
7.9074	0.7082	35.7835	1.2538	17.5086
7.9470	0.7217	33.1703	1.4049	18.5482
7.6905	0.6896	34.6109	1.1793	17.1715
7.8210	0.7038	33.5956	1.1675	18.0253
7.8997	0.7056	34.0652	1.3267	18.2023
7.6881	0.6850	36.9535	1.1592	17.1594
7.7931	0.7027	34.2632	1.2342	18.0912


IPCC
==========================================
8.1152	0.7300	36.7124	0.6553	10.1195
8.0840	0.7211	40.9656	0.6596	10.2012
8.2111	0.7351	38.7620	0.6703	10.3702
8.1207	0.7305	39.8824	0.6624	10.1486
8.2247	0.7339	40.2588	0.6668	10.3695
8.2230	0.7390	39.2226	0.6618	10.2200
8.2071	0.7390	38.3742	0.6604	10.1168
8.1165	0.7336	35.7132	0.6551	10.1436
8.2018	0.7384	40.7380	0.6660	10.3341
8.0667	0.7267	36.7905	0.6550	10.2382
8.0786	0.7299	38.9038	0.6638	10.2635
7.9868	0.7179	38.2401	0.6596	9.9582
8.1721	0.7332	39.0299	0.6704	10.2941
8.1157	0.7269	39.2098	0.6553	10.1192
7.9949	0.7260	36.4856	0.6542	10.1068
8.1294	0.7290	38.7426	0.6590	10.2855
8.1531	0.7337	38.0106	0.6644	10.4130
8.2948	0.7409	38.3149	0.6678	10.5884
8.2587	0.7359	41.2422	0.6667	10.4297
8.1513	0.7350	38.2732	0.6547	10.3392


UIPCC
==========================================
7.5869	0.6825	33.9692	1.0987	15.4470
7.5832	0.6765	38.5513	1.1013	15.3890
7.6487	0.6848	36.2220	1.0752	15.2174
7.5701	0.6810	37.3180	1.0546	15.2469
7.6522	0.6828	37.8078	1.0900	15.3083
7.6538	0.6879	36.7066	1.0722	15.2928
7.6410	0.6880	35.4964	1.0605	15.1475
7.6414	0.6907	32.9316	1.1464	15.5443
7.6884	0.6921	38.5204	1.1461	15.5536
7.6278	0.6871	34.2471	1.1080	15.5399
7.6017	0.6868	36.3759	1.1396	15.7701
7.5006	0.6742	35.6648	1.0352	15.0031
7.6422	0.6857	36.2247	1.0641	15.2443
7.6429	0.6845	36.8892	1.1008	15.2162
7.5901	0.6893	34.0146	1.1758	15.6079
7.5824	0.6799	36.2170	1.0608	15.1224
7.6359	0.6871	35.2483	1.1019	15.4358
7.7462	0.6919	35.5518	1.1651	15.8748
7.6505	0.6817	38.6929	1.0476	15.0956
7.6158	0.6867	35.6102	1.0940	15.5250


