Metric: | MAE	| NMAE	| RMSE	| MRE	| NPRE	
==========================================
UMEAN
Avg:	14.8871	1.3363	52.9998	4.0063	31.0973
Std:	0.0609	0.0102	0.8266	0.0425	0.3861
==========================================
IMEAN
Avg:	7.6377	0.6856	40.4527	0.5616	7.3931
Std:	0.0382	0.0047	0.7309	0.0017	0.0855
==========================================
UPCC
Avg:	8.5097	0.7639	37.4598	1.4033	17.7813
Std:	0.1093	0.0119	0.8950	0.0703	0.3995
==========================================
IPCC
Avg:	9.1782	0.8239	40.9765	0.7678	12.4008
Std:	0.0842	0.0083	0.6432	0.0067	0.1799
==========================================
UIPCC
Avg:	8.6021	0.7722	38.8283	1.2992	16.6731
Std:	0.0725	0.0080	0.7985	0.0333	0.1744
==========================================


Detailed results for 20 rounds:
==========================================
UMEAN
==========================================
14.8289	1.3296	52.4276	3.9738	31.2389
14.7978	1.3201	54.4960	3.9554	30.3644
14.8924	1.3388	52.4817	4.0883	31.3673
14.9725	1.3509	53.3214	4.0515	31.3725
14.8278	1.3227	54.5143	3.9242	30.3776
14.8711	1.3353	53.9915	4.0348	31.0146
14.9410	1.3453	52.0327	4.0253	31.1971
14.9495	1.3481	51.9355	4.0305	31.6307
14.8301	1.3255	53.7415	3.9793	30.8571
14.8786	1.3355	52.9220	4.0199	31.2094
14.8768	1.3379	52.1735	4.0292	31.7668
14.8524	1.3289	52.5714	4.0072	30.8242
14.8900	1.3375	52.7257	3.9694	31.1204
14.8924	1.3363	52.9197	3.9760	30.9772
14.9437	1.3455	53.6947	4.0347	31.1430
14.9251	1.3429	52.3075	4.0182	31.1204
15.0020	1.3534	51.8780	4.0541	31.5448
14.7751	1.3190	53.5831	3.9318	30.8992
14.8278	1.3253	53.9387	3.9737	30.4268
14.9662	1.3481	52.3398	4.0477	31.4936


IMEAN
==========================================
7.5991	0.6813	39.5992	0.5608	7.4500
7.6007	0.6781	41.7266	0.5592	7.4007
7.6846	0.6909	40.1235	0.5618	7.4979
7.6784	0.6928	40.8799	0.5631	7.3970
7.6226	0.6799	41.6799	0.5614	7.3599
7.6636	0.6881	41.5578	0.5623	7.4047
7.6608	0.6898	40.1305	0.5611	7.4751
7.6663	0.6913	39.5735	0.5615	7.4767
7.6093	0.6801	40.8940	0.5643	7.3901
7.7178	0.6927	40.8102	0.5613	7.3403
7.5959	0.6831	39.9699	0.5616	7.4436
7.6376	0.6834	39.7954	0.5620	7.2632
7.6202	0.6845	39.9977	0.5656	7.2815
7.6721	0.6884	40.3853	0.5595	7.2793
7.6275	0.6868	40.9867	0.5640	7.5548
7.6738	0.6905	39.9753	0.5601	7.2141
7.5535	0.6814	39.0376	0.5620	7.4121
7.6314	0.6813	40.8200	0.5624	7.4429
7.6019	0.6794	41.0889	0.5584	7.4532
7.6361	0.6879	40.0228	0.5594	7.3248


UPCC
==========================================
8.4159	0.7546	36.5632	1.3292	17.5231
8.3179	0.7420	38.7316	1.3364	17.1702
8.5738	0.7708	37.0538	1.3825	18.2440
8.5426	0.7707	37.7699	1.3636	17.5472
8.3922	0.7486	38.6925	1.3784	17.3177
8.5141	0.7645	38.8973	1.3975	17.7946
8.6104	0.7753	37.9126	1.4114	17.8744
8.7382	0.7880	36.7525	1.5281	18.3185
8.4353	0.7539	38.0547	1.3761	17.6159
8.6212	0.7738	38.4353	1.4257	18.2538
8.4857	0.7632	36.8332	1.4178	18.2729
8.3572	0.7478	36.1268	1.3218	17.7196
8.3874	0.7534	36.5725	1.2660	17.1518
8.4146	0.7551	37.2057	1.4170	17.3292
8.5703	0.7716	37.7125	1.5735	18.1570
8.7098	0.7837	37.0668	1.5108	17.9865
8.5418	0.7706	35.5707	1.3921	18.4809
8.4992	0.7587	37.7296	1.4403	17.3465
8.5188	0.7614	38.3423	1.4269	17.8357
8.5474	0.7699	37.1734	1.3719	17.6860


IPCC
==========================================
9.2312	0.8277	40.1966	0.7650	12.5911
9.1364	0.8151	41.9773	0.7766	12.5047
9.2966	0.8358	40.7227	0.7772	12.5915
9.3327	0.8420	41.3771	0.7648	12.5344
9.1538	0.8165	41.8016	0.7743	12.6622
9.1397	0.8207	41.7649	0.7592	12.3187
9.1316	0.8222	40.7070	0.7648	12.2362
9.2571	0.8348	40.4022	0.7715	12.4667
9.3028	0.8315	41.5003	0.7753	12.5548
9.2960	0.8344	41.9211	0.7622	12.3150
9.1311	0.8212	40.5253	0.7715	12.6468
9.0370	0.8086	40.2463	0.7727	12.1598
9.1935	0.8258	40.8069	0.7722	12.3864
9.1059	0.8171	40.8872	0.7547	12.0782
9.0365	0.8136	41.2262	0.7574	12.1352
9.1482	0.8231	40.3289	0.7601	12.2704
9.1075	0.8216	39.7439	0.7679	12.3704
9.2381	0.8247	41.4432	0.7759	12.6307
9.1403	0.8170	41.5121	0.7690	12.3719
9.1477	0.8240	40.4393	0.7634	12.1916


UIPCC
==========================================
8.5913	0.7703	37.8937	1.2657	16.7730
8.5185	0.7599	40.1206	1.2625	16.5899
8.6981	0.7820	38.4558	1.3073	16.9024
8.7078	0.7857	39.2273	1.2771	16.7076
8.5467	0.7624	39.9812	1.2943	16.5859
8.5834	0.7707	40.0271	1.2914	16.7933
8.6084	0.7751	38.7665	1.2923	16.4629
8.7349	0.7877	38.0963	1.3734	16.8512
8.6419	0.7724	39.3760	1.2988	16.7253
8.7168	0.7824	39.6190	1.3011	16.7449
8.5561	0.7695	38.2010	1.3210	16.9648
8.4619	0.7571	37.8659	1.2599	16.3510
8.5698	0.7698	38.3238	1.2398	16.3911
8.5207	0.7646	38.6636	1.2649	16.3771
8.5376	0.7687	39.1725	1.3513	16.6483
8.6676	0.7799	38.3592	1.3501	16.8404
8.5578	0.7720	37.1735	1.3129	16.7580
8.6434	0.7716	39.2633	1.3302	16.7654
8.5861	0.7674	39.6066	1.3073	16.7272
8.5923	0.7740	38.3728	1.2825	16.5033


