Metric: | MAE	| NMAE	| RMSE	| MRE	| NPRE	
==========================================
UMEAN
Avg:	14.8104	1.3346	51.0606	3.9880	29.4658
Std:	0.0215	0.0075	0.8377	0.0386	0.4054
==========================================
IMEAN
Avg:	7.4690	0.6730	37.9247	0.5530	6.9498
Std:	0.0493	0.0038	0.8899	0.0021	0.0777
==========================================
UPCC
Avg:	7.7924	0.7022	32.6705	1.1978	17.4302
Std:	0.0857	0.0088	0.9939	0.0623	0.3656
==========================================
IPCC
Avg:	8.0299	0.7236	36.6419	0.6430	9.4205
Std:	0.1046	0.0095	0.9505	0.0042	0.1559
==========================================
UIPCC
Avg:	7.5478	0.6801	34.0029	1.0493	14.5249
Std:	0.0798	0.0075	1.0285	0.0310	0.1959
==========================================


Detailed results for 20 rounds:
==========================================
UMEAN
==========================================
14.8476	1.3388	51.5455	4.0377	29.6855
14.8144	1.3405	51.5770	4.0124	29.8816
14.8078	1.3359	49.7334	3.9665	29.0087
14.8078	1.3340	52.0750	4.0130	29.7456
14.7585	1.3152	50.8686	3.8914	28.4067
14.7978	1.3381	50.0610	4.0410	29.6220
14.7919	1.3417	50.3727	4.0084	29.2729
14.7982	1.3327	51.5585	3.9398	28.9775
14.8240	1.3414	50.6945	4.0176	29.7637
14.8406	1.3425	51.2959	4.0281	30.1060
14.8165	1.3377	51.3638	3.9845	29.2181
14.7891	1.3258	50.5067	3.9851	29.2039
14.8060	1.3332	50.4424	4.0089	29.2959
14.8237	1.3237	52.9840	3.9450	29.3296
14.8069	1.3352	51.5369	3.9724	29.6552
14.8432	1.3458	50.2415	4.0197	30.0694
14.8107	1.3420	49.5544	3.9889	29.3028
14.8365	1.3340	51.2181	3.9986	29.6124
14.7806	1.3266	51.9607	3.9203	29.2575
14.8060	1.3266	51.6217	3.9799	29.9015


IMEAN
==========================================
7.3994	0.6672	38.1454	0.5498	6.8923
7.4303	0.6723	38.2811	0.5539	6.9838
7.4321	0.6705	36.6539	0.5525	6.9317
7.4937	0.6751	39.2615	0.5519	6.9542
7.5816	0.6756	37.6706	0.5541	6.9274
7.3890	0.6682	36.7757	0.5546	7.0109
7.4801	0.6785	37.6191	0.5509	6.8740
7.4741	0.6731	38.4895	0.5536	6.9506
7.4606	0.6751	37.4759	0.5542	7.1249
7.4140	0.6707	38.2632	0.5518	6.9153
7.5054	0.6776	38.3333	0.5544	7.0242
7.5040	0.6727	37.1752	0.5509	7.0138
7.5058	0.6759	37.5510	0.5496	6.9471
7.5050	0.6702	39.6640	0.5525	6.9306
7.4945	0.6758	38.3488	0.5588	7.0536
7.4807	0.6783	37.1682	0.5552	7.0316
7.4036	0.6708	36.1009	0.5512	6.7650
7.4796	0.6725	37.8312	0.5546	6.9159
7.5347	0.6763	39.3339	0.5529	6.8712
7.4116	0.6641	38.3510	0.5529	6.8786


UPCC
==========================================
7.7438	0.6982	32.7807	1.2016	17.7983
7.7859	0.7045	32.7131	1.1756	18.1339
7.8446	0.7077	32.0471	1.1962	17.0916
7.8130	0.7038	34.0728	1.2430	17.8481
7.7555	0.6911	32.3804	1.0682	16.7522
7.6550	0.6922	31.1581	1.2532	17.6423
7.8852	0.7152	33.2068	1.2360	17.5864
7.8894	0.7105	32.9811	1.3098	17.4752
7.6690	0.6940	31.4188	1.1790	16.9891
7.8309	0.7084	32.9975	1.2852	18.0601
7.8767	0.7112	33.6268	1.2228	17.3976
7.7905	0.6984	31.8592	1.1837	17.1909
7.8275	0.7048	32.5542	1.0985	17.5957
7.8075	0.6972	34.0807	1.1852	17.6405
7.7272	0.6968	32.8080	1.1940	17.1635
7.7015	0.6983	30.9663	1.1651	17.4328
7.9913	0.7241	31.3119	1.2979	17.5555
7.6845	0.6909	32.6726	1.0940	16.9894
7.8678	0.7062	34.7963	1.1812	16.9890
7.7009	0.6900	32.9768	1.1863	17.2719


IPCC
==========================================
8.0311	0.7241	36.9690	0.6446	9.3989
8.1902	0.7411	37.4275	0.6450	9.5723
8.1073	0.7314	35.4839	0.6475	9.5609
7.9107	0.7126	37.6150	0.6357	9.2451
8.1276	0.7243	36.2972	0.6464	9.5785
7.8012	0.7055	35.0526	0.6405	9.3703
8.0516	0.7303	36.6357	0.6468	9.1765
8.1288	0.7321	37.5737	0.6398	9.3905
7.9647	0.7207	35.9199	0.6471	9.5539
7.8928	0.7140	36.8678	0.6363	9.3661
8.2060	0.7409	37.1931	0.6490	9.7657
8.1021	0.7263	35.8936	0.6383	9.4879
8.1737	0.7360	36.3878	0.6507	9.5589
8.0076	0.7150	38.4462	0.6417	9.4893
7.9566	0.7175	36.9634	0.6455	9.2407
8.0034	0.7257	35.9456	0.6440	9.3420
7.9555	0.7208	34.6399	0.6373	9.1344
8.0339	0.7223	36.4066	0.6407	9.4384
8.0162	0.7195	38.0359	0.6416	9.2468
7.9367	0.7111	37.0827	0.6406	9.4922


UIPCC
==========================================
7.5257	0.6786	34.1919	1.0653	14.7784
7.6333	0.6907	34.4618	1.0707	14.9186
7.6038	0.6860	32.8622	1.0708	14.4440
7.4944	0.6751	35.2907	1.0503	14.7092
7.6074	0.6779	33.7700	0.9832	14.1813
7.3514	0.6648	32.3864	1.0719	14.4853
7.5916	0.6886	34.0548	1.0691	14.4326
7.6501	0.6889	34.7355	1.1019	14.6278
7.4636	0.6754	33.1169	1.0365	14.3511
7.4757	0.6763	34.3554	1.0789	14.8896
7.6847	0.6938	34.7131	1.0664	14.6756
7.5962	0.6810	33.2154	1.0274	14.3963
7.6482	0.6887	33.7475	1.0192	14.5645
7.5321	0.6726	35.8087	1.0392	14.6769
7.4911	0.6755	34.3494	1.0312	14.3815
7.4996	0.6800	32.8884	1.0462	14.4014
7.5596	0.6850	31.9568	1.1019	14.3686
7.4997	0.6743	33.7551	0.9903	14.3573
7.5803	0.6804	35.8735	1.0260	14.2961
7.4686	0.6692	34.5249	1.0397	14.5624


