Metric: | MAE	| NMAE	| RMSE	| MRE	| NPRE	
==========================================
UMEAN
Avg:	1.1701	0.9294	2.3173	1.6022	9.4357
Std:	0.0014	0.0027	0.0063	0.0146	0.0928
==========================================
IMEAN
Avg:	1.0651	0.8461	2.1236	1.1467	6.8024
Std:	0.0014	0.0022	0.0061	0.0121	0.0498
==========================================
UPCC
Avg:	0.7117	0.5653	1.6254	0.5233	3.8804
Std:	0.0031	0.0027	0.0065	0.0072	0.1091
==========================================
IPCC
Avg:	0.8302	0.6595	1.7481	0.7041	5.2310
Std:	0.0047	0.0038	0.0058	0.0043	0.1024
==========================================
UIPCC
Avg:	0.7125	0.5660	1.6233	0.5264	4.0789
Std:	0.0029	0.0025	0.0064	0.0053	0.0933
==========================================


Detailed results for 20 rounds:
==========================================
UMEAN
==========================================
1.1708	0.9317	2.3105	1.6119	9.5355
1.1682	0.9286	2.3113	1.6143	9.4543
1.1702	0.9297	2.3230	1.6065	9.4322
1.1706	0.9329	2.3099	1.6127	9.4314
1.1678	0.9280	2.3132	1.5939	9.4167
1.1697	0.9266	2.3240	1.5806	9.2402
1.1692	0.9316	2.3083	1.6090	9.5337
1.1694	0.9301	2.3141	1.6024	9.4813
1.1715	0.9342	2.3092	1.6227	9.5543
1.1710	0.9256	2.3289	1.5916	9.3737
1.1737	0.9311	2.3207	1.6111	9.4522
1.1680	0.9243	2.3294	1.5645	9.2158
1.1716	0.9299	2.3205	1.6162	9.4409
1.1714	0.9312	2.3139	1.6075	9.5542
1.1705	0.9323	2.3155	1.6160	9.5919
1.1696	0.9308	2.3141	1.6151	9.4152
1.1687	0.9250	2.3185	1.5868	9.3980
1.1702	0.9262	2.3242	1.5810	9.3860
1.1700	0.9289	2.3228	1.6042	9.4047
1.1691	0.9299	2.3147	1.5969	9.4010


IMEAN
==========================================
1.0639	0.8465	2.1174	1.1547	6.7664
1.0650	0.8466	2.1286	1.1436	6.7632
1.0659	0.8468	2.1219	1.1596	6.8245
1.0634	0.8475	2.1173	1.1533	6.8142
1.0632	0.8448	2.1235	1.1356	6.7856
1.0677	0.8458	2.1217	1.1486	6.8494
1.0663	0.8496	2.1201	1.1486	6.8162
1.0653	0.8473	2.1240	1.1437	6.8288
1.0650	0.8492	2.1161	1.1701	6.9055
1.0667	0.8432	2.1365	1.1396	6.7934
1.0633	0.8435	2.1314	1.1341	6.7220
1.0631	0.8413	2.1268	1.1447	6.7240
1.0650	0.8453	2.1232	1.1366	6.8104
1.0645	0.8462	2.1181	1.1490	6.8128
1.0661	0.8492	2.1278	1.1618	6.8372
1.0668	0.8490	2.1159	1.1577	6.8680
1.0645	0.8425	2.1311	1.1163	6.7054
1.0671	0.8446	2.1334	1.1326	6.7650
1.0655	0.8459	2.1226	1.1435	6.8558
1.0641	0.8464	2.1146	1.1595	6.8010


UPCC
==========================================
0.7125	0.5670	1.6199	0.5312	4.0730
0.7071	0.5621	1.6277	0.5135	3.6812
0.7063	0.5611	1.6238	0.5174	3.7162
0.7147	0.5696	1.6153	0.5357	3.9879
0.7089	0.5634	1.6329	0.5209	3.7638
0.7179	0.5687	1.6320	0.5237	3.8836
0.7122	0.5674	1.6170	0.5275	3.9511
0.7105	0.5651	1.6225	0.5150	3.8480
0.7117	0.5675	1.6204	0.5238	3.9926
0.7098	0.5610	1.6365	0.5069	3.6991
0.7180	0.5696	1.6304	0.5312	3.9989
0.7096	0.5615	1.6319	0.5151	3.7962
0.7130	0.5659	1.6243	0.5320	3.8926
0.7115	0.5656	1.6214	0.5254	3.8613
0.7118	0.5670	1.6270	0.5270	3.9971
0.7098	0.5649	1.6194	0.5280	3.9364
0.7104	0.5623	1.6239	0.5162	3.7769
0.7173	0.5677	1.6403	0.5257	3.8760
0.7097	0.5634	1.6235	0.5278	3.9061
0.7113	0.5658	1.6190	0.5223	3.9691


IPCC
==========================================
0.8317	0.6618	1.7450	0.7035	5.2430
0.8297	0.6596	1.7475	0.7077	5.1930
0.8247	0.6552	1.7454	0.7007	5.1158
0.8211	0.6544	1.7393	0.6948	5.0440
0.8275	0.6576	1.7508	0.7030	5.1800
0.8396	0.6651	1.7551	0.7021	5.3568
0.8331	0.6638	1.7435	0.7081	5.3250
0.8324	0.6621	1.7488	0.7008	5.3139
0.8218	0.6554	1.7357	0.7016	5.1776
0.8293	0.6555	1.7578	0.6996	5.1911
0.8322	0.6602	1.7515	0.7057	5.2375
0.8247	0.6526	1.7470	0.7046	5.1117
0.8281	0.6572	1.7434	0.7079	5.2831
0.8351	0.6638	1.7480	0.7105	5.4057
0.8345	0.6647	1.7571	0.7066	5.3042
0.8295	0.6602	1.7430	0.7092	5.2485
0.8315	0.6581	1.7505	0.7002	5.0829
0.8338	0.6600	1.7581	0.7046	5.1616
0.8274	0.6569	1.7479	0.6988	5.2114
0.8364	0.6653	1.7457	0.7120	5.4340


UIPCC
==========================================
0.7136	0.5678	1.6179	0.5320	4.2260
0.7088	0.5634	1.6247	0.5234	3.8953
0.7072	0.5618	1.6217	0.5218	3.9364
0.7129	0.5682	1.6134	0.5300	4.1343
0.7094	0.5637	1.6297	0.5237	3.9806
0.7191	0.5697	1.6290	0.5299	4.1147
0.7134	0.5685	1.6150	0.5344	4.1270
0.7122	0.5665	1.6209	0.5229	4.0789
0.7115	0.5674	1.6173	0.5255	4.1751
0.7114	0.5623	1.6348	0.5124	3.9366
0.7180	0.5696	1.6281	0.5317	4.1638
0.7102	0.5620	1.6298	0.5177	3.9863
0.7128	0.5657	1.6215	0.5315	4.0924
0.7132	0.5669	1.6193	0.5313	4.0772
0.7131	0.5680	1.6260	0.5274	4.2019
0.7104	0.5653	1.6176	0.5270	4.1271
0.7120	0.5636	1.6220	0.5215	3.9820
0.7174	0.5678	1.6376	0.5276	4.0715
0.7102	0.5638	1.6222	0.5282	4.0933
0.7130	0.5671	1.6169	0.5288	4.1773


