Metric: | MAE	| NMAE	| RMSE	| MRE	| NPRE	
==========================================
UMEAN
Avg:	1.1701	0.9288	2.3188	1.6025	9.4171
Std:	0.0016	0.0023	0.0072	0.0144	0.0755
==========================================
IMEAN
Avg:	1.0625	0.8434	2.1195	1.1706	6.7921
Std:	0.0016	0.0028	0.0065	0.0104	0.0491
==========================================
UPCC
Avg:	0.6937	0.5507	1.6015	0.5041	3.6610
Std:	0.0034	0.0027	0.0063	0.0068	0.0927
==========================================
IPCC
Avg:	0.8167	0.6483	1.7261	0.6906	5.1713
Std:	0.0074	0.0062	0.0071	0.0069	0.1259
==========================================
UIPCC
Avg:	0.6953	0.5519	1.5976	0.5106	3.9075
Std:	0.0034	0.0028	0.0058	0.0059	0.0871
==========================================


Detailed results for 20 rounds:
==========================================
UMEAN
==========================================
1.1700	0.9292	2.3134	1.6078	9.4850
1.1681	0.9277	2.3137	1.6150	9.4413
1.1698	0.9301	2.3192	1.6105	9.4791
1.1701	0.9309	2.3130	1.6121	9.4007
1.1672	0.9267	2.3109	1.5898	9.3840
1.1725	0.9263	2.3321	1.5792	9.2690
1.1686	0.9307	2.3137	1.6025	9.4631
1.1703	0.9270	2.3219	1.5967	9.3784
1.1700	0.9317	2.3123	1.6108	9.5108
1.1721	0.9278	2.3285	1.6045	9.4136
1.1737	0.9291	2.3247	1.6023	9.4250
1.1691	0.9219	2.3348	1.5607	9.1967
1.1711	0.9299	2.3147	1.6188	9.4285
1.1697	0.9310	2.3120	1.6088	9.5076
1.1684	0.9322	2.3104	1.6193	9.5098
1.1689	0.9311	2.3149	1.6209	9.4337
1.1709	0.9279	2.3166	1.6030	9.4369
1.1721	0.9272	2.3258	1.5851	9.3984
1.1702	0.9287	2.3256	1.6026	9.4162
1.1690	0.9294	2.3169	1.6006	9.3652


IMEAN
==========================================
1.0614	0.8430	2.1131	1.1725	6.7471
1.0625	0.8438	2.1257	1.1649	6.7483
1.0626	0.8449	2.1142	1.1869	6.8055
1.0610	0.8441	2.1168	1.1708	6.7703
1.0596	0.8413	2.1155	1.1579	6.7608
1.0653	0.8416	2.1235	1.1744	6.8703
1.0641	0.8475	2.1134	1.1805	6.8347
1.0637	0.8426	2.1258	1.1658	6.7857
1.0630	0.8465	2.1149	1.1901	6.8786
1.0633	0.8417	2.1321	1.1742	6.7713
1.0610	0.8399	2.1266	1.1521	6.7522
1.0588	0.8349	2.1186	1.1617	6.6893
1.0632	0.8443	2.1232	1.1646	6.8249
1.0626	0.8457	2.1132	1.1761	6.8289
1.0624	0.8476	2.1195	1.1796	6.8316
1.0625	0.8464	2.1092	1.1810	6.8179
1.0642	0.8433	2.1288	1.1564	6.7262
1.0646	0.8422	2.1270	1.1567	6.7680
1.0617	0.8426	2.1180	1.1669	6.8601
1.0615	0.8439	2.1108	1.1798	6.7709


UPCC
==========================================
0.6935	0.5508	1.5965	0.5082	3.7706
0.6886	0.5469	1.6036	0.4910	3.4234
0.6906	0.5491	1.6000	0.5054	3.5637
0.6940	0.5522	1.5906	0.5104	3.7247
0.6949	0.5517	1.6021	0.5106	3.6805
0.6980	0.5514	1.6074	0.4990	3.5905
0.6929	0.5518	1.5948	0.5054	3.6821
0.6961	0.5514	1.6048	0.4998	3.6741
0.6958	0.5541	1.5983	0.5100	3.8515
0.6930	0.5486	1.6143	0.4892	3.5583
0.6981	0.5526	1.6092	0.5063	3.6837
0.6892	0.5434	1.6020	0.4925	3.5368
0.6969	0.5534	1.6033	0.5143	3.6947
0.6940	0.5523	1.5972	0.5083	3.6442
0.6936	0.5534	1.5993	0.5073	3.7765
0.6875	0.5476	1.5937	0.5039	3.6327
0.6967	0.5521	1.6055	0.5035	3.6523
0.7003	0.5540	1.6140	0.5118	3.7238
0.6899	0.5475	1.5983	0.5043	3.6587
0.6908	0.5492	1.5955	0.5010	3.6983


IPCC
==========================================
0.8157	0.6479	1.7241	0.6900	5.1243
0.8260	0.6560	1.7296	0.7021	5.3267
0.8088	0.6431	1.7214	0.6832	5.0554
0.8127	0.6466	1.7235	0.6855	5.0613
0.8173	0.6489	1.7260	0.6873	5.2169
0.8318	0.6571	1.7413	0.6961	5.3345
0.8134	0.6478	1.7170	0.6943	5.1551
0.8250	0.6535	1.7320	0.6900	5.3136
0.8072	0.6428	1.7145	0.6887	5.0405
0.8075	0.6392	1.7290	0.6802	5.0094
0.8203	0.6494	1.7353	0.6903	5.1799
0.8035	0.6336	1.7155	0.6843	4.9623
0.8146	0.6468	1.7269	0.6913	5.1700
0.8205	0.6530	1.7238	0.6976	5.3194
0.8264	0.6593	1.7393	0.6976	5.3604
0.8138	0.6482	1.7177	0.6950	5.1456
0.8154	0.6462	1.7255	0.6819	5.0263
0.8176	0.6468	1.7284	0.6908	5.1353
0.8101	0.6429	1.7235	0.6807	5.1085
0.8261	0.6568	1.7283	0.7061	5.3810


UIPCC
==========================================
0.6947	0.5518	1.5928	0.5104	3.9989
0.6926	0.5501	1.5991	0.5076	3.7181
0.6916	0.5499	1.5959	0.5088	3.8147
0.6946	0.5527	1.5882	0.5116	3.9258
0.6960	0.5526	1.5980	0.5165	3.9383
0.7014	0.5541	1.6036	0.5137	3.8637
0.6945	0.5531	1.5909	0.5144	3.8957
0.6993	0.5539	1.6010	0.5121	3.9385
0.6954	0.5538	1.5935	0.5105	4.0612
0.6932	0.5487	1.6093	0.4944	3.7847
0.6999	0.5540	1.6056	0.5136	3.9083
0.6894	0.5436	1.5974	0.4964	3.7696
0.6973	0.5537	1.5995	0.5145	3.9410
0.6966	0.5544	1.5935	0.5168	3.9235
0.6963	0.5555	1.5971	0.5126	4.0610
0.6892	0.5490	1.5900	0.5055	3.8681
0.6981	0.5532	1.6004	0.5138	3.8801
0.7006	0.5542	1.6086	0.5170	3.9650
0.6912	0.5485	1.5954	0.5098	3.9088
0.6939	0.5517	1.5918	0.5116	3.9862


