Metric: | MAE	| NMAE	| RMSE	| MRE	| NPRE	
==========================================
UMEAN
Avg:	15.5363	1.3364	57.5066	4.0731	26.6321
Std:	0.0724	0.0111	1.2942	0.0535	0.3516
==========================================
IMEAN
Avg:	7.8119	0.6720	45.1317	0.5405	6.2041
Std:	0.0276	0.0038	1.2544	0.0013	0.0387
==========================================
UPCC
Avg:	8.8392	0.7604	42.1044	1.4145	16.3009
Std:	0.1085	0.0114	1.5601	0.0540	0.4206
==========================================
IPCC
Avg:	9.3737	0.8063	45.7406	0.7359	10.7225
Std:	0.1253	0.0122	0.9393	0.0052	0.1243
==========================================
UIPCC
Avg:	8.8226	0.7589	43.4900	1.2711	14.2666
Std:	0.1024	0.0104	1.3582	0.0303	0.2168
==========================================


Detailed results for 20 rounds:
==========================================
UMEAN
==========================================
15.5059	1.3335	57.4655	4.0796	26.4810
15.4972	1.3308	59.3755	4.0605	26.3460
15.3966	1.3156	57.6735	3.8944	25.8688
15.4786	1.3270	58.6385	4.0754	26.8796
15.6103	1.3502	57.0423	4.1648	27.0388
15.5974	1.3475	55.8453	4.0374	26.5635
15.6087	1.3474	55.2311	4.1060	27.3709
15.5498	1.3380	58.1716	4.0689	26.2349
15.5236	1.3344	57.7283	4.1156	26.5579
15.5397	1.3375	57.7760	4.0843	26.7475
15.6049	1.3455	55.1589	4.0485	26.6380
15.4987	1.3324	58.0269	4.0937	26.5538
15.6641	1.3545	58.0269	4.1257	27.0317
15.4185	1.3162	59.3626	4.0109	26.7537
15.5352	1.3368	55.4264	4.0828	26.9956
15.5399	1.3368	56.9825	4.0885	26.2118
15.6811	1.3573	56.2188	4.1324	26.9967
15.4633	1.3246	58.4753	4.0455	26.2971
15.5216	1.3340	58.4603	4.0641	26.7358
15.4916	1.3286	59.0463	4.0829	26.3380


IMEAN
==========================================
7.8302	0.6734	44.9559	0.5413	6.2622
7.8034	0.6701	47.0364	0.5393	6.2183
7.8029	0.6668	44.9561	0.5399	6.1391
7.7886	0.6677	46.1272	0.5408	6.2026
7.8480	0.6788	45.0547	0.5407	6.1954
7.8155	0.6752	43.4342	0.5400	6.1974
7.8574	0.6783	43.0919	0.5423	6.2119
7.8372	0.6744	45.9709	0.5383	6.2624
7.8190	0.6721	45.2205	0.5418	6.1790
7.7813	0.6698	45.1609	0.5392	6.1970
7.8449	0.6764	42.8664	0.5426	6.1657
7.8191	0.6722	45.7289	0.5415	6.2142
7.7709	0.6720	45.7964	0.5387	6.1827
7.8155	0.6672	46.8906	0.5419	6.2928
7.8623	0.6766	43.2026	0.5378	6.1588
7.7942	0.6705	44.7497	0.5420	6.1432
7.7877	0.6741	43.7117	0.5399	6.2275
7.7694	0.6656	45.9085	0.5394	6.2374
7.7780	0.6685	45.9519	0.5410	6.1814
7.8129	0.6701	46.8189	0.5407	6.2137


UPCC
==========================================
8.9336	0.7683	42.1582	1.4800	16.3374
8.8106	0.7566	44.5182	1.4306	16.3762
8.7327	0.7462	42.0072	1.3134	15.3400
8.6722	0.7435	43.3353	1.3585	16.1202
8.8776	0.7678	41.6868	1.4293	17.1673
8.9953	0.7771	39.6366	1.5023	16.4265
9.0693	0.7829	40.0507	1.4909	17.2699
8.8833	0.7644	42.9073	1.3869	16.1807
8.7486	0.7520	41.8300	1.3373	16.3557
8.8221	0.7593	42.2472	1.4106	16.1663
9.0236	0.7781	38.9573	1.4567	16.7522
8.8148	0.7578	43.2716	1.3288	15.8736
8.8260	0.7632	42.8063	1.4703	16.3497
8.7879	0.7502	44.1870	1.3636	16.2527
8.8689	0.7632	39.9847	1.4345	16.3232
8.8335	0.7599	41.7111	1.4685	16.2041
8.8883	0.7693	40.3782	1.4267	16.2092
8.6616	0.7420	43.1626	1.3761	15.9038
8.8525	0.7608	43.0655	1.4198	16.5576
8.6815	0.7446	44.1864	1.4052	15.8524


IPCC
==========================================
9.4096	0.8092	45.6740	0.7338	10.7035
9.1898	0.7892	47.0131	0.7473	10.7347
9.3999	0.8032	45.6069	0.7381	10.7567
9.3448	0.8011	46.6873	0.7453	10.7627
9.4014	0.8132	45.7261	0.7308	10.5967
9.5176	0.8222	44.5303	0.7335	10.7733
9.7056	0.8378	45.0192	0.7392	11.0056
9.3485	0.8044	46.4813	0.7304	10.5496
9.2745	0.7972	45.5473	0.7314	10.5737
9.1461	0.7872	45.5052	0.7299	10.5251
9.5730	0.8254	43.7174	0.7322	10.8290
9.3363	0.8026	46.1886	0.7358	10.7694
9.3189	0.8058	46.1335	0.7365	10.6767
9.3798	0.8007	47.0859	0.7402	11.0076
9.4732	0.8152	43.9630	0.7331	10.6308
9.3728	0.8063	45.2295	0.7394	10.7365
9.4309	0.8163	44.9827	0.7331	10.6374
9.3175	0.7982	46.5637	0.7301	10.7481
9.2540	0.7953	46.3061	0.7327	10.6810
9.2797	0.7959	46.8501	0.7451	10.7524


UIPCC
==========================================
8.8862	0.7642	43.4665	1.3149	14.3209
8.7149	0.7484	45.5087	1.2789	14.1319
8.7988	0.7519	43.3374	1.2271	13.9238
8.7472	0.7499	44.6508	1.2513	14.1772
8.8375	0.7644	43.3201	1.2824	14.4045
8.9520	0.7734	41.5538	1.3166	14.3260
9.1067	0.7861	41.7460	1.3188	14.9223
8.8253	0.7594	44.3233	1.2483	14.0741
8.7345	0.7508	43.3692	1.2297	14.3179
8.6839	0.7474	43.5578	1.2486	14.0053
8.9906	0.7752	40.6451	1.3046	14.5473
8.8018	0.7567	44.3519	1.2358	14.1461
8.7756	0.7589	44.0876	1.3058	14.2662
8.8120	0.7522	45.3317	1.2525	14.5075
8.8990	0.7658	41.3758	1.2657	14.2273
8.8161	0.7584	43.0395	1.3025	14.3184
8.8675	0.7675	42.0922	1.2716	14.1783
8.7268	0.7476	44.4733	1.2304	14.1256
8.7578	0.7527	44.3466	1.2769	14.3515
8.7175	0.7477	45.2224	1.2590	14.0606


