Metric: | MAE	| NMAE	| RMSE	| MRE	| NPRE	
==========================================
UMEAN
Avg:	15.6320	1.3450	57.2498	3.9640	27.0446
Std:	0.2033	0.0204	0.5737	0.1028	0.7797
==========================================
IMEAN
Avg:	8.3172	0.7156	46.6034	0.5526	6.1565
Std:	0.1003	0.0093	0.6849	0.0022	0.0867
==========================================
UPCC
Avg:	10.3847	0.8935	45.9338	1.8020	17.2726
Std:	0.2328	0.0216	0.7467	0.0684	0.5920
==========================================
IPCC
Avg:	10.0209	0.8622	48.0495	0.7513	10.4472
Std:	0.2580	0.0238	0.9578	0.0070	0.2617
==========================================
UIPCC
Avg:	9.8752	0.8497	46.6196	1.4282	14.5458
Std:	0.2297	0.0213	0.6006	0.0426	0.3925
==========================================


Detailed results for 20 rounds:
==========================================
UMEAN
==========================================
15.5233	1.3349	57.1565	3.9292	26.4339
15.6149	1.3431	57.7170	3.9122	26.4440
15.3368	1.3155	57.0443	3.7610	25.8705
15.6533	1.3468	57.0555	3.9913	27.2198
15.7639	1.3581	57.3762	4.0884	28.0577
16.1187	1.3934	56.1078	4.1102	28.0126
15.3691	1.3180	57.9197	3.7632	25.9329
15.3861	1.3199	57.9489	3.9557	25.9964
15.8157	1.3629	57.0309	4.1152	27.8542
15.8306	1.3642	56.9668	4.1324	28.3503
15.8518	1.3668	55.7663	3.9911	26.7654
15.3467	1.3159	57.8444	3.8326	26.3901
15.8094	1.3620	57.1115	3.9639	27.3531
15.5736	1.3396	57.7609	3.9424	27.1234
15.7263	1.3548	56.6568	4.0630	27.9723
15.4326	1.3250	57.3364	3.9210	25.9837
15.7044	1.3517	57.1649	3.9255	26.9206
15.7477	1.3609	57.4622	4.0193	27.3292
15.4405	1.3258	57.9735	3.9194	27.0204
15.5950	1.3415	57.5958	3.9428	27.8614


IMEAN
==========================================
8.2141	0.7063	46.1097	0.5536	5.9728
8.3974	0.7223	46.7805	0.5560	6.2107
8.3985	0.7203	46.2886	0.5525	6.1316
8.3486	0.7183	46.4244	0.5535	6.1236
8.4218	0.7255	46.4186	0.5490	6.1257
8.4366	0.7293	46.0007	0.5535	6.3249
8.1780	0.7013	46.4666	0.5514	6.0454
8.1882	0.7024	46.6707	0.5511	6.1073
8.4574	0.7288	47.7045	0.5523	6.0025
8.2727	0.7129	46.0286	0.5532	6.0996
8.2650	0.7126	45.7065	0.5509	6.1510
8.2807	0.7100	47.0990	0.5511	6.1964
8.5133	0.7334	48.6103	0.5477	6.1794
8.2516	0.7098	46.3029	0.5556	6.2789
8.3638	0.7205	46.2010	0.5500	6.1364
8.3649	0.7182	47.6688	0.5537	6.1879
8.3772	0.7210	46.9262	0.5538	6.2615
8.2056	0.7091	46.2063	0.5533	6.2590
8.1854	0.7028	46.2397	0.5563	6.1862
8.2232	0.7074	46.2139	0.5528	6.1499


UPCC
==========================================
10.3394	0.8891	45.5508	1.9007	16.9310
10.3564	0.8908	46.1125	1.7755	16.5962
10.3200	0.8852	45.5481	1.6547	16.4985
10.4356	0.8979	45.7627	1.7783	17.4524
10.5259	0.9068	45.6499	1.8221	18.2044
10.8768	0.9403	45.0663	1.9078	18.2043
9.9848	0.8563	45.8241	1.7974	16.4804
10.0443	0.8616	46.1235	1.6948	16.6865
10.7005	0.9221	47.0875	1.8692	18.3990
10.3973	0.8960	45.2620	1.8412	17.7125
10.5563	0.9102	44.6178	1.8002	17.5258
10.1167	0.8674	46.5736	1.7104	16.4179
10.7256	0.9240	47.8917	1.8542	17.4024
10.2506	0.8817	45.7944	1.7591	17.1025
10.5374	0.9078	45.4909	1.8811	17.7678
10.3023	0.8846	47.1432	1.7699	16.8304
10.6216	0.9142	46.3410	1.8826	17.0990
10.2390	0.8849	45.5976	1.7993	16.9660
10.1056	0.8677	45.6337	1.7327	17.7116
10.2582	0.8824	45.6042	1.8094	17.4633


IPCC
==========================================
10.0831	0.8671	48.6470	0.7486	10.2760
9.9172	0.8530	47.3715	0.7444	10.2804
10.0857	0.8651	48.4081	0.7457	10.0528
10.0615	0.8657	47.8065	0.7486	10.3297
10.0761	0.8681	47.5780	0.7519	10.4762
10.5363	0.9108	50.1656	0.7468	10.4879
9.7322	0.8346	47.0508	0.7410	10.3123
9.5876	0.8225	47.0988	0.7495	10.1595
10.3256	0.8898	48.8974	0.7688	10.8909
10.3528	0.8922	48.4139	0.7569	10.9394
10.2318	0.8822	48.9533	0.7543	10.5374
9.6033	0.8234	47.4575	0.7559	10.2052
10.3640	0.8929	49.7454	0.7469	10.6484
9.7439	0.8381	47.0033	0.7458	10.3201
10.1565	0.8750	48.9774	0.7395	10.0452
9.7484	0.8370	48.0595	0.7574	10.2813
9.9857	0.8595	48.4942	0.7607	10.4534
10.0407	0.8677	47.1114	0.7503	10.8349
9.7749	0.8393	46.7101	0.7597	10.7489
10.0105	0.8611	47.0395	0.7540	10.6640


UIPCC
==========================================
9.8844	0.8500	46.5739	1.4680	14.4717
9.8062	0.8435	46.4885	1.4001	13.9974
9.9027	0.8494	46.4709	1.3571	13.9627
9.9195	0.8535	46.4239	1.4180	14.4927
9.9689	0.8588	46.2776	1.4384	14.8095
10.3544	0.8951	46.8963	1.4906	15.0623
9.5481	0.8188	46.2070	1.3812	14.2056
9.5011	0.8151	46.3869	1.3583	14.0473
10.1793	0.8772	47.6531	1.5072	15.2725
10.0672	0.8676	46.3552	1.4717	15.0959
10.0659	0.8679	46.2147	1.4316	14.7450
9.5339	0.8175	46.7982	1.3685	13.9084
10.2050	0.8792	48.4408	1.4598	14.7412
9.6549	0.8305	46.1224	1.3904	14.3995
10.0070	0.8621	46.6673	1.4385	14.7094
9.6913	0.8321	47.3461	1.4219	14.2115
9.9453	0.8560	47.0356	1.4788	14.3668
9.8162	0.8483	46.0566	1.4315	14.7702
9.6289	0.8268	45.9503	1.4053	14.9232
9.8229	0.8450	46.0265	1.4464	14.7235


