Metric: | MAE	| NMAE	| RMSE	| MRE	| NPRE	
==========================================
UMEAN
Avg:	15.0753	1.3379	52.7450	3.9921	26.3374
Std:	0.0407	0.0118	1.3656	0.0504	0.3883
==========================================
IMEAN
Avg:	7.7315	0.6861	40.4132	0.5521	6.5655
Std:	0.0341	0.0042	1.3630	0.0020	0.0479
==========================================
UPCC
Avg:	8.3207	0.7385	36.1705	1.3596	15.9358
Std:	0.1198	0.0135	1.3047	0.0431	0.4877
==========================================
IPCC
Avg:	8.9364	0.7930	40.1786	0.7049	10.1882
Std:	0.1179	0.0082	1.3592	0.0076	0.2027
==========================================
UIPCC
Avg:	8.3226	0.7386	37.6161	1.2228	13.8091
Std:	0.0891	0.0079	1.4236	0.0272	0.2372
==========================================


Detailed results for 20 rounds:
==========================================
UMEAN
==========================================
15.0349	1.3226	54.0542	3.9178	26.0943
15.0802	1.3430	50.0500	3.9864	26.5211
15.1289	1.3534	51.8754	4.0557	26.5730
15.1130	1.3508	52.5208	4.0679	27.0451
15.1126	1.3492	53.5477	4.0598	26.3578
15.0845	1.3430	53.1018	4.0366	26.3743
15.0436	1.3360	52.8313	3.9953	26.4068
15.0706	1.3355	53.8528	4.0013	26.6188
15.0395	1.3252	53.6635	3.9324	25.7905
15.0468	1.3262	53.7628	3.9526	25.9766
15.1396	1.3522	51.2093	4.0416	26.7516
15.0933	1.3435	52.9886	3.9926	26.4977
15.0646	1.3361	53.8391	4.0051	26.3537
15.0908	1.3430	53.1437	4.0355	26.4766
15.1269	1.3518	49.1893	4.0118	26.9060
15.0956	1.3422	53.0235	3.9714	26.0719
14.9691	1.3085	54.2803	3.8943	25.3825
15.0290	1.3233	54.1222	3.9016	25.8280
15.0959	1.3425	51.0492	3.9729	26.5457
15.0468	1.3300	52.7949	4.0086	26.1763


IMEAN
==========================================
7.7395	0.6808	41.3318	0.5518	6.5521
7.7488	0.6901	37.8084	0.5553	6.6109
7.7157	0.6902	39.7130	0.5541	6.5533
7.7445	0.6922	40.7623	0.5555	6.6050
7.7140	0.6887	41.4207	0.5498	6.5430
7.6926	0.6849	40.6807	0.5506	6.5653
7.7330	0.6868	40.6175	0.5546	6.6605
7.7551	0.6872	41.4574	0.5517	6.4318
7.7375	0.6818	41.2030	0.5507	6.5891
7.7584	0.6838	41.3669	0.5514	6.5258
7.6849	0.6864	38.7439	0.5520	6.5520
7.7639	0.6911	41.0405	0.5487	6.5272
7.6833	0.6815	41.4227	0.5490	6.5253
7.6902	0.6844	40.7858	0.5545	6.5392
7.7144	0.6894	36.4932	0.5526	6.6093
7.7267	0.6870	40.9621	0.5507	6.5454
7.7706	0.6793	41.6035	0.5502	6.5736
7.7760	0.6847	41.6859	0.5541	6.5856
7.8044	0.6941	38.9742	0.5530	6.6404
7.6773	0.6786	40.1897	0.5519	6.5760


UPCC
==========================================
8.2784	0.7282	37.2509	1.2910	15.7060
8.5374	0.7603	34.0279	1.3788	16.3560
8.3643	0.7482	35.4757	1.3764	16.3978
8.5666	0.7657	36.7199	1.4093	17.0691
8.2453	0.7361	36.9992	1.4074	15.7929
8.1579	0.7263	36.1989	1.3101	15.5672
8.2650	0.7340	36.2725	1.4355	15.8173
8.3979	0.7442	37.3167	1.3688	16.3692
8.1608	0.7191	36.9509	1.3193	15.3265
8.3320	0.7344	36.5581	1.3709	16.1923
8.3290	0.7439	34.3006	1.3419	16.1969
8.3414	0.7425	36.2734	1.3581	16.1383
8.1862	0.7261	37.1109	1.3211	15.8264
8.2153	0.7311	36.5584	1.2706	16.0046
8.4963	0.7593	32.4564	1.3945	16.3592
8.3252	0.7402	36.8827	1.3647	15.5275
8.1938	0.7163	37.6439	1.3178	14.8801
8.2632	0.7276	37.6849	1.3466	15.1421
8.4837	0.7545	35.1157	1.4096	15.9817
8.2736	0.7313	35.6123	1.3995	16.0648


IPCC
==========================================
9.1001	0.8005	41.3332	0.7153	10.4900
8.9749	0.7993	37.5810	0.7043	10.2901
8.7025	0.7785	39.4638	0.7009	9.8355
8.9051	0.7959	40.7294	0.7038	9.9649
8.8381	0.7890	41.1930	0.6966	9.9600
8.7404	0.7782	40.2682	0.6945	9.9608
8.9486	0.7947	40.0889	0.7076	10.3590
9.0464	0.8017	41.2392	0.7067	10.3973
8.9793	0.7912	40.9419	0.7115	10.3286
9.1690	0.8081	40.9506	0.7220	10.5998
8.7777	0.7840	38.1532	0.6973	9.9451
8.8759	0.7901	40.6475	0.6890	10.0349
8.8558	0.7855	41.0147	0.7014	10.0923
8.8904	0.7912	40.8065	0.7068	10.1911
8.8755	0.7932	36.3589	0.7053	10.1812
8.9739	0.7979	41.0251	0.6984	9.9821
8.9631	0.7835	41.1479	0.7058	10.2812
8.9925	0.7918	41.3848	0.7152	10.3434
9.0334	0.8033	38.9251	0.7090	10.2917
9.0846	0.8030	40.3196	0.7057	10.2353


UIPCC
==========================================
8.4127	0.7400	38.7670	1.1997	13.9221
8.4288	0.7507	35.0196	1.2486	14.0511
8.1995	0.7335	36.9469	1.2180	13.8778
8.3987	0.7507	38.1216	1.2526	14.2472
8.2320	0.7349	38.6331	1.2251	13.5922
8.1397	0.7247	37.7327	1.1819	13.4962
8.3006	0.7372	37.6705	1.2622	13.8936
8.4124	0.7455	38.7544	1.2364	14.1760
8.2833	0.7299	38.4056	1.2086	13.5021
8.4609	0.7457	38.2445	1.2681	14.1464
8.2292	0.7350	35.6123	1.2079	13.7815
8.2983	0.7387	37.9881	1.2111	13.7394
8.2201	0.7291	38.6285	1.1990	13.6716
8.2558	0.7347	38.1781	1.1933	13.7945
8.3513	0.7463	33.5389	1.2474	13.9799
8.3458	0.7421	38.4245	1.2006	13.5003
8.3005	0.7256	38.9019	1.1712	13.4028
8.3446	0.7347	39.1064	1.2248	13.6265
8.4529	0.7517	36.3265	1.2460	13.8641
8.3855	0.7412	37.3209	1.2540	13.9167


