Metric: | MAE	| NMAE	| RMSE	| MRE	| NPRE	
==========================================
UMEAN
Avg:	15.0866	1.3388	52.7335	3.9783	26.3504
Std:	0.0700	0.0122	0.9386	0.0530	0.4452
==========================================
IMEAN
Avg:	7.7914	0.6914	40.6037	0.5523	6.5421
Std:	0.0328	0.0048	0.8548	0.0025	0.0451
==========================================
UPCC
Avg:	8.7368	0.7753	37.4900	1.4566	15.9892
Std:	0.1346	0.0139	0.8712	0.0598	0.4675
==========================================
IPCC
Avg:	9.4387	0.8376	41.2513	0.7594	10.9814
Std:	0.1000	0.0094	0.6382	0.0063	0.1342
==========================================
UIPCC
Avg:	8.8309	0.7837	38.9149	1.3220	14.3417
Std:	0.0963	0.0098	0.8145	0.0307	0.2412
==========================================


Detailed results for 20 rounds:
==========================================
UMEAN
==========================================
14.9820	1.3192	54.3724	3.8893	26.1251
15.1080	1.3435	50.9461	3.9671	26.5659
15.2151	1.3614	51.6983	4.0824	26.7801
15.1388	1.3502	52.6206	4.0725	27.1252
15.1246	1.3442	53.5587	4.0084	26.2705
15.1114	1.3427	52.7623	4.0239	26.6098
15.0256	1.3313	53.3229	3.9327	26.1348
15.0998	1.3401	53.4383	3.9819	26.7111
15.0408	1.3306	52.9054	3.9397	25.9303
15.0037	1.3233	53.5916	3.9171	25.7913
15.1024	1.3429	52.0664	3.9977	26.3897
15.0968	1.3408	52.6816	3.9757	26.3169
15.1062	1.3416	53.7897	4.0200	26.6128
15.1624	1.3503	52.5008	4.0101	26.6135
15.1082	1.3420	50.8449	3.9468	26.6261
15.1050	1.3426	52.7080	3.9338	25.8879
14.9033	1.3077	53.5692	3.8828	25.1283
15.0803	1.3375	53.2626	3.9588	26.2432
15.1813	1.3556	51.2515	4.0174	26.9656
15.0358	1.3290	52.7784	4.0079	26.1803


IMEAN
==========================================
7.7604	0.6833	41.8902	0.5530	6.5674
7.8165	0.6951	38.9022	0.5551	6.5899
7.7691	0.6951	39.8135	0.5573	6.5483
7.8379	0.6990	41.0984	0.5554	6.5720
7.7856	0.6919	41.4500	0.5493	6.4712
7.7626	0.6897	40.5485	0.5509	6.5390
7.8140	0.6924	41.2771	0.5563	6.6089
7.8189	0.6939	41.2442	0.5521	6.4495
7.7920	0.6894	40.5881	0.5532	6.5539
7.7873	0.6868	41.3256	0.5525	6.5208
7.7644	0.6904	39.8665	0.5516	6.5791
7.7773	0.6907	40.8461	0.5493	6.4907
7.7341	0.6869	41.4600	0.5485	6.4990
7.7928	0.6940	40.2809	0.5551	6.4923
7.8016	0.6930	38.5490	0.5534	6.6278
7.7699	0.6906	40.6012	0.5490	6.5397
7.7969	0.6841	40.9584	0.5502	6.5544
7.8207	0.6936	41.1052	0.5521	6.5298
7.8781	0.7035	39.5825	0.5525	6.5849
7.7482	0.6848	40.6861	0.5498	6.5234


UPCC
==========================================
8.5950	0.7568	38.8403	1.3287	15.8113
9.0877	0.8081	35.8164	1.5308	16.9459
8.7261	0.7808	36.4935	1.4286	16.2574
8.9146	0.7951	38.2319	1.4587	16.7804
8.6618	0.7698	38.0497	1.5516	15.5645
8.5707	0.7615	37.3443	1.4275	15.5490
8.6816	0.7692	38.1955	1.4971	15.7991
8.8027	0.7813	38.0973	1.4847	16.4584
8.6656	0.7666	37.7216	1.4911	15.5728
8.7141	0.7686	38.0551	1.3992	16.1862
8.5764	0.7626	36.4400	1.3875	15.8231
8.8325	0.7845	37.8183	1.4643	16.2882
8.5505	0.7594	38.0712	1.4228	15.8039
8.8252	0.7859	37.2109	1.4082	16.2142
8.8391	0.7852	35.7261	1.4224	16.2497
8.7603	0.7787	37.4182	1.4805	15.5574
8.6104	0.7555	38.4087	1.4032	14.9246
8.7487	0.7759	38.2112	1.5470	15.6043
8.9121	0.7958	36.3528	1.5598	16.3706
8.6615	0.7656	37.2970	1.4378	16.0226


IPCC
==========================================
9.4135	0.8289	42.1748	0.7657	11.1224
9.5468	0.8489	39.9328	0.7689	11.0762
9.2535	0.8280	40.2978	0.7575	10.7877
9.5141	0.8485	41.9229	0.7587	10.8172
9.3352	0.8297	41.7737	0.7492	10.7788
9.3295	0.8290	41.1053	0.7520	10.8918
9.4327	0.8358	41.6191	0.7572	11.0619
9.4264	0.8366	41.5926	0.7592	10.8898
9.4834	0.8390	41.2316	0.7700	11.1676
9.5126	0.8390	41.7665	0.7679	11.1225
9.3532	0.8317	40.5732	0.7607	10.9599
9.2575	0.8222	41.3232	0.7440	10.8031
9.3631	0.8315	41.8237	0.7573	10.8854
9.5510	0.8506	41.3990	0.7634	11.0590
9.5834	0.8513	39.8405	0.7627	11.1247
9.4083	0.8363	41.3721	0.7551	10.7909
9.4346	0.8278	41.5356	0.7566	11.0165
9.4343	0.8367	41.5863	0.7636	11.0239
9.6042	0.8576	40.6842	0.7585	11.1196
9.5375	0.8430	41.4716	0.7597	11.1293


UIPCC
==========================================
8.7768	0.7728	40.1642	1.2710	14.3439
9.0241	0.8025	37.2745	1.3952	14.8779
8.7204	0.7803	37.9594	1.3057	14.2999
8.9550	0.7987	39.6160	1.3353	14.6788
8.7409	0.7768	39.5825	1.3406	14.0873
8.6969	0.7728	38.7652	1.3032	14.0669
8.7969	0.7794	39.5328	1.3357	14.3613
8.8442	0.7849	39.4447	1.3212	14.4964
8.8306	0.7812	38.9412	1.3491	14.1946
8.8608	0.7815	39.5173	1.3104	14.5022
8.7115	0.7746	38.0701	1.2827	14.1760
8.7600	0.7780	39.1192	1.3096	14.2595
8.7137	0.7739	39.6349	1.2985	14.1791
8.9397	0.7961	38.8097	1.3204	14.5129
8.9574	0.7957	37.1065	1.3195	14.5328
8.8208	0.7841	38.9315	1.3250	13.9658
8.7909	0.7713	39.5037	1.2651	13.8942
8.8331	0.7834	39.4720	1.3566	14.3218
8.9926	0.8030	37.9641	1.3652	14.5535
8.8514	0.7824	38.8876	1.3298	14.5291


