Metric: | MAE	| NMAE	| RMSE	| MRE	| NPRE	
==========================================
UMEAN
Avg:	14.7970	1.3354	47.7585	3.8929	27.6293
Std:	0.1422	0.0155	0.2148	0.0740	0.5851
==========================================
IMEAN
Avg:	7.9479	0.7173	36.4058	0.5491	5.9673
Std:	0.1007	0.0101	0.5394	0.0025	0.0725
==========================================
UPCC
Avg:	9.8210	0.8863	35.7102	1.7541	17.5206
Std:	0.1824	0.0180	0.5364	0.0708	0.5005
==========================================
IPCC
Avg:	9.4622	0.8539	37.2793	0.7438	10.1057
Std:	0.1510	0.0150	0.4952	0.0078	0.2633
==========================================
UIPCC
Avg:	9.3319	0.8422	36.1849	1.4017	14.8044
Std:	0.1469	0.0147	0.5086	0.0397	0.3272
==========================================


Detailed results for 20 rounds:
==========================================
UMEAN
==========================================
14.9796	1.3546	47.3794	4.0119	28.2843
14.6615	1.3212	48.0506	3.9021	27.5687
14.7985	1.3348	47.8079	3.9297	26.9104
14.6853	1.3231	47.8896	3.9107	27.7219
14.6270	1.3164	48.1161	3.8325	26.5388
14.7180	1.3264	47.8924	3.8579	27.3188
14.8333	1.3451	47.3759	3.9499	27.6204
14.6249	1.3163	47.9286	3.8578	27.3734
14.9759	1.3547	47.6368	3.9007	27.4060
14.6987	1.3249	47.9846	3.8655	28.6448
15.1167	1.3696	47.4424	3.9771	28.5410
14.9489	1.3519	47.7243	3.9916	27.8692
14.9795	1.3548	47.7219	4.0121	27.9754
14.6782	1.3220	47.8852	3.8192	27.0625
14.8277	1.3380	47.4488	3.9150	27.8509
14.6445	1.3188	47.9819	3.7366	26.7077
14.9245	1.3489	47.7834	3.9131	27.8642
14.7609	1.3306	47.6389	3.7632	27.4552
14.6627	1.3209	47.8014	3.8232	28.6270
14.7935	1.3346	47.6802	3.8878	27.2453


IMEAN
==========================================
7.9470	0.7186	35.7608	0.5489	6.0671
8.0597	0.7263	36.6649	0.5532	6.0235
7.8313	0.7064	36.1107	0.5496	5.8652
8.0211	0.7227	36.4826	0.5530	6.0358
7.7680	0.6991	35.9026	0.5471	5.9449
7.8472	0.7072	35.9488	0.5470	5.8904
8.1604	0.7400	37.3144	0.5503	6.0226
7.9767	0.7180	36.8348	0.5480	5.9554
8.1393	0.7363	37.6433	0.5455	5.9595
7.8693	0.7093	35.8649	0.5498	6.0087
8.0332	0.7278	35.9428	0.5511	5.9679
8.0085	0.7242	36.4861	0.5486	5.9523
7.8689	0.7117	35.8609	0.5488	5.9675
7.9521	0.7162	36.9579	0.5524	5.9667
7.9670	0.7189	36.7217	0.5455	5.8173
7.9047	0.7119	36.1698	0.5448	5.9016
7.9705	0.7204	35.8109	0.5511	6.1009
7.8889	0.7111	37.1458	0.5460	5.8685
7.9222	0.7137	36.3337	0.5514	6.0707
7.8210	0.7056	36.1579	0.5497	5.9593


UPCC
==========================================
9.9005	0.8953	35.0058	1.8373	17.6153
9.8108	0.8841	36.0145	1.7151	17.5137
9.6282	0.8685	35.5141	1.7237	16.8978
9.7415	0.8777	35.6218	1.7295	17.5663
9.5411	0.8587	35.1584	1.8201	16.6668
9.6839	0.8727	35.2525	1.6281	17.4214
10.0126	0.9079	36.4201	1.7403	17.9250
9.6792	0.8712	36.0892	1.6693	17.1321
10.1997	0.9226	36.9131	1.8710	17.2249
9.6377	0.8687	35.0902	1.6740	17.8720
10.0630	0.9117	35.3264	1.8397	17.9406
10.0967	0.9131	35.9013	1.7537	18.0159
9.8744	0.8931	35.2445	1.8806	17.5306
9.7807	0.8809	36.4399	1.6626	17.1792
9.9151	0.8947	36.0587	1.8051	18.1287
9.7532	0.8783	35.3819	1.7648	16.7163
10.0062	0.9044	35.0991	1.7444	18.3727
9.8376	0.8868	36.4381	1.8115	17.4711
9.7388	0.8773	35.7634	1.7091	18.3345
9.5199	0.8589	35.4713	1.7019	16.8878


IPCC
==========================================
9.4418	0.8538	36.6422	0.7425	10.1018
9.5810	0.8634	37.4149	0.7458	10.4132
9.4050	0.8483	37.1589	0.7450	10.0709
9.5357	0.8592	37.3780	0.7480	10.1662
9.3507	0.8416	36.6689	0.7500	10.3493
9.2985	0.8380	36.7077	0.7343	9.9045
9.6995	0.8795	38.3772	0.7479	10.0997
9.4859	0.8538	37.6346	0.7416	10.0546
9.6305	0.8712	38.2480	0.7529	10.1350
9.4039	0.8476	36.8496	0.7562	10.4511
9.8184	0.8896	37.5246	0.7544	10.6815
9.5612	0.8647	37.2577	0.7433	9.9762
9.4684	0.8564	36.9040	0.7467	10.2635
9.2431	0.8325	37.3506	0.7408	9.8373
9.4770	0.8552	37.7355	0.7355	9.8070
9.4112	0.8475	37.0701	0.7306	9.8672
9.5550	0.8636	36.6121	0.7530	10.3380
9.2156	0.8307	37.8216	0.7296	9.5521
9.4120	0.8479	37.2727	0.7458	10.2444
9.2490	0.8344	36.9562	0.7317	9.8004


UIPCC
==========================================
9.3390	0.8445	35.4691	1.4487	14.9358
9.4078	0.8478	36.4284	1.3916	15.0759
9.2262	0.8322	36.0181	1.3799	14.4602
9.3544	0.8428	36.1971	1.3842	14.8437
9.1577	0.8242	35.6479	1.4308	14.7401
9.1849	0.8278	35.6916	1.3489	14.4801
9.5511	0.8661	37.0953	1.3985	14.9432
9.2949	0.8366	36.5710	1.3503	14.6841
9.5795	0.8665	37.2909	1.4773	14.8004
9.2302	0.8320	35.6838	1.3845	15.1901
9.6262	0.8721	36.0063	1.4675	15.3181
9.4956	0.8587	36.2531	1.4108	14.9746
9.3453	0.8452	35.7320	1.4688	14.9798
9.1892	0.8276	36.6235	1.3576	14.4279
9.3749	0.8460	36.5658	1.3989	14.8106
9.2722	0.8350	35.9179	1.3823	14.2292
9.4624	0.8552	35.5392	1.4320	15.1247
9.1849	0.8279	36.8568	1.3927	14.6136
9.2727	0.8353	36.1916	1.3867	15.3165
9.0883	0.8199	35.9178	1.3414	14.1402


