Metric: | MAE	| NMAE	| RMSE	| MRE	| NPRE	
==========================================
UMEAN
Avg:	14.7475	1.3321	47.7223	3.9882	27.8772
Std:	0.0825	0.0113	0.3173	0.0741	0.5319
==========================================
IMEAN
Avg:	7.5810	0.6847	35.0296	0.5400	6.0085
Std:	0.0516	0.0050	0.3149	0.0020	0.0671
==========================================
UPCC
Avg:	8.9211	0.8058	33.2935	1.5079	17.0113
Std:	0.1109	0.0114	0.3614	0.0721	0.4734
==========================================
IPCC
Avg:	9.0501	0.8174	35.3126	0.7458	10.6847
Std:	0.0860	0.0092	0.2675	0.0064	0.1884
==========================================
UIPCC
Avg:	8.7217	0.7878	33.9990	1.3109	14.9261
Std:	0.0785	0.0086	0.3125	0.0409	0.3405
==========================================


Detailed results for 20 rounds:
==========================================
UMEAN
==========================================
14.6894	1.3244	48.1072	3.8799	27.8305
14.6954	1.3243	47.6937	3.9575	27.8759
14.8095	1.3401	47.6940	4.0599	28.7723
14.7738	1.3356	47.2820	3.9787	27.9969
14.5779	1.3094	48.1957	3.8409	27.1502
14.8148	1.3406	47.4555	4.0340	28.4119
14.7812	1.3376	47.2426	4.0363	28.6090
14.7437	1.3311	47.6387	3.9484	27.5811
14.8574	1.3468	47.6778	4.0791	27.9885
14.7287	1.3301	47.8280	4.0277	28.2608
14.5731	1.3066	48.3810	3.8315	26.7599
14.6457	1.3186	48.1663	3.9386	27.0620
14.7309	1.3289	48.0925	4.0257	27.6115
14.7075	1.3271	47.7903	3.9155	27.5619
14.7793	1.3368	47.4220	4.0328	27.9804
14.7250	1.3308	47.5725	3.9900	27.7543
14.8135	1.3399	47.7770	4.0445	27.9990
14.7723	1.3358	47.4718	3.9907	27.3808
14.8368	1.3444	47.6425	4.0657	28.2044
14.8938	1.3521	47.3143	4.0861	28.7530


IMEAN
==========================================
7.6488	0.6896	35.3414	0.5436	6.0952
7.5239	0.6780	34.5667	0.5372	5.8595
7.6513	0.6924	35.1849	0.5420	6.0295
7.5629	0.6837	34.7333	0.5396	6.0362
7.5350	0.6768	35.2185	0.5384	5.9415
7.5245	0.6809	34.6483	0.5371	5.9569
7.7101	0.6977	35.1546	0.5405	6.1530
7.5727	0.6837	34.7057	0.5413	6.0397
7.5478	0.6842	34.8907	0.5403	6.0504
7.6126	0.6874	35.2273	0.5414	5.9944
7.6361	0.6846	35.8343	0.5371	5.9709
7.5511	0.6799	35.2148	0.5380	5.9749
7.5243	0.6788	34.9542	0.5394	5.9531
7.6333	0.6888	35.2461	0.5374	5.9972
7.5608	0.6839	34.6723	0.5418	6.0449
7.6163	0.6884	34.9966	0.5420	6.0172
7.5693	0.6846	35.0897	0.5414	5.9478
7.5292	0.6808	35.4218	0.5411	6.1365
7.5454	0.6837	34.6518	0.5388	5.9797
7.5638	0.6867	34.8388	0.5424	5.9923


UPCC
==========================================
8.9206	0.8043	33.6151	1.5009	16.4684
8.7865	0.7918	32.7365	1.4504	16.5093
8.9793	0.8126	33.1279	1.5862	17.9790
8.8383	0.7990	33.0216	1.5222	16.3553
8.7805	0.7886	33.3439	1.4888	16.6455
8.9083	0.8061	32.9279	1.4801	17.4899
9.1524	0.8282	33.5613	1.5752	17.6265
9.0419	0.8163	33.1471	1.6032	17.4411
8.8715	0.8042	33.1782	1.5202	16.9178
8.8739	0.8013	33.4789	1.4079	17.5890
8.9070	0.7986	34.0262	1.4166	16.5981
8.6558	0.7793	33.3690	1.3575	16.0979
8.8560	0.7989	33.0599	1.4806	16.9811
9.0297	0.8148	33.7932	1.4373	16.8799
8.9175	0.8066	33.0953	1.4936	17.3553
9.0160	0.8149	33.2410	1.5797	17.0842
8.9307	0.8078	32.9256	1.4615	17.0141
8.9479	0.8091	34.0160	1.6070	16.7702
8.9192	0.8082	32.7861	1.5876	17.1286
9.0895	0.8252	33.4197	1.6021	17.2951


IPCC
==========================================
8.9749	0.8092	35.4124	0.7498	10.5655
8.9796	0.8092	34.8934	0.7426	10.5957
9.1882	0.8315	35.5112	0.7534	10.9215
9.0624	0.8193	35.1634	0.7462	10.8450
8.9940	0.8078	35.3391	0.7513	10.8484
9.0660	0.8204	35.0752	0.7439	10.7369
9.2133	0.8337	35.5867	0.7492	10.7732
9.0415	0.8163	35.0540	0.7375	10.5970
9.0282	0.8184	35.1131	0.7495	10.8696
9.1595	0.8271	35.6174	0.7606	10.9469
8.9342	0.8010	36.0134	0.7319	10.2805
8.9157	0.8027	35.3226	0.7412	10.4668
9.0236	0.8141	35.2273	0.7479	10.8064
8.9571	0.8083	35.3908	0.7385	10.3696
9.1258	0.8255	35.1146	0.7481	10.7405
9.0825	0.8209	35.2733	0.7430	10.5082
9.1921	0.8314	35.4887	0.7520	10.9163
8.9863	0.8126	35.6028	0.7425	10.6123
9.0792	0.8227	34.9083	0.7392	10.7828
8.9985	0.8169	35.1447	0.7483	10.5109


UIPCC
==========================================
8.6847	0.7830	34.2670	1.3010	14.5404
8.6288	0.7776	33.5193	1.2647	14.7115
8.8276	0.7988	34.0627	1.3578	15.5132
8.6928	0.7859	33.7282	1.3007	14.7388
8.6323	0.7753	34.0677	1.2962	14.9329
8.7205	0.7892	33.6435	1.3142	15.3116
8.9138	0.8066	34.2223	1.3457	15.4076
8.7551	0.7904	33.7642	1.3531	14.9602
8.6879	0.7875	33.8579	1.3063	14.9074
8.7760	0.7925	34.2483	1.2795	15.3158
8.6575	0.7762	34.7938	1.2344	14.2900
8.5418	0.7691	34.0978	1.2272	14.1773
8.6839	0.7834	33.8947	1.3061	15.0057
8.7086	0.7858	34.2884	1.2667	14.5506
8.7633	0.7927	33.7384	1.3058	14.9904
8.7766	0.7932	33.9563	1.3424	15.0131
8.8030	0.7962	33.9288	1.3244	15.1250
8.6938	0.7861	34.4539	1.3717	14.9306
8.7341	0.7914	33.5166	1.3509	14.9609
8.7514	0.7945	33.9294	1.3689	15.1400


