Metric: | MAE	| NMAE	| RMSE	| MRE	| NPRE	
==========================================
UMEAN
Avg:	14.7284	1.3312	47.5675	4.0645	27.8223
Std:	0.0194	0.0063	0.6420	0.0300	0.2613
==========================================
IMEAN
Avg:	7.3392	0.6634	34.1154	0.5402	6.0428
Std:	0.0436	0.0037	0.5975	0.0012	0.0482
==========================================
UPCC
Avg:	7.3952	0.6684	27.8496	1.1213	16.6815
Std:	0.0728	0.0071	0.5524	0.0523	0.2998
==========================================
IPCC
Avg:	7.6819	0.6943	32.2324	0.6048	8.2838
Std:	0.0639	0.0056	0.5898	0.0058	0.1268
==========================================
UIPCC
Avg:	7.1513	0.6464	29.2803	0.9820	13.1368
Std:	0.0432	0.0038	0.6027	0.0281	0.1432
==========================================


Detailed results for 20 rounds:
==========================================
UMEAN
==========================================
14.7172	1.3399	47.6151	4.0920	27.6776
14.7472	1.3246	47.6766	4.0507	27.7923
14.7398	1.3293	47.8707	4.0450	27.6604
14.7442	1.3246	47.5308	4.0512	27.7426
14.7420	1.3226	48.4743	4.0367	27.9732
14.7102	1.3387	46.7388	4.0902	28.3017
14.7340	1.3208	46.8943	4.0339	27.7230
14.7456	1.3320	48.4382	4.0919	27.6215
14.7179	1.3255	47.4866	4.0046	27.3179
14.7188	1.3353	46.8688	4.0951	28.2301
14.7760	1.3205	48.7538	4.0229	27.4496
14.7444	1.3250	48.3836	4.0557	27.7766
14.7170	1.3321	48.0914	4.0780	27.6985
14.7032	1.3354	46.9887	4.0615	27.7965
14.7472	1.3369	47.7186	4.0978	28.1936
14.6914	1.3364	46.7046	4.0917	27.6994
14.7193	1.3346	47.8455	4.1004	28.1801
14.7103	1.3373	46.4721	4.0815	27.8487
14.7148	1.3360	47.6594	4.0151	27.6146
14.7279	1.3374	47.1376	4.0950	28.1473


IMEAN
==========================================
7.3435	0.6686	34.2709	0.5414	6.0908
7.3403	0.6593	34.0459	0.5392	5.9430
7.3681	0.6645	34.3238	0.5413	5.9480
7.3192	0.6575	33.7416	0.5401	6.0328
7.3325	0.6578	34.7030	0.5397	6.0263
7.2952	0.6639	33.3814	0.5408	6.0574
7.3370	0.6577	33.2130	0.5407	6.0107
7.3878	0.6673	35.0943	0.5400	6.0267
7.3469	0.6617	33.9391	0.5404	5.9974
7.2974	0.6620	33.5130	0.5412	6.0484
7.4376	0.6647	34.9739	0.5404	6.0083
7.4265	0.6674	34.8508	0.5392	6.0731
7.3350	0.6639	35.0681	0.5394	6.0627
7.3574	0.6682	33.6670	0.5385	6.0783
7.2780	0.6598	34.4396	0.5438	6.1475
7.3355	0.6673	33.5741	0.5394	6.1053
7.3078	0.6626	34.3396	0.5386	6.0167
7.2684	0.6607	33.1564	0.5413	6.0748
7.3748	0.6696	34.2290	0.5407	6.0732
7.2959	0.6625	33.7829	0.5383	6.0347


UPCC
==========================================
7.4106	0.6747	27.7131	1.2056	16.6884
7.2625	0.6523	27.4705	1.0672	16.2345
7.5036	0.6767	28.0737	1.1499	16.9672
7.3468	0.6600	27.6274	1.0514	16.3599
7.4426	0.6677	28.4671	1.1552	16.7239
7.3737	0.6710	27.2656	1.1187	16.8071
7.4950	0.6719	27.1396	1.1847	17.0497
7.4620	0.6740	28.6382	1.1341	16.6300
7.2722	0.6549	27.4982	1.1119	16.0383
7.3337	0.6653	27.4102	1.1090	16.8761
7.4446	0.6653	28.4711	1.0783	16.7225
7.4425	0.6688	28.7339	1.0404	16.6260
7.4587	0.6751	28.9282	1.1371	17.0211
7.4333	0.6751	27.2582	1.1329	16.8365
7.3863	0.6696	28.2635	1.2071	16.8282
7.3535	0.6689	27.1612	1.1156	16.7927
7.3009	0.6620	27.9594	1.0846	16.4742
7.4577	0.6780	27.5566	1.1900	17.2111
7.4357	0.6751	27.9873	1.1365	16.1350
7.2874	0.6618	27.3680	1.0168	16.6069


IPCC
==========================================
7.6533	0.6968	32.6763	0.5969	8.0857
7.7673	0.6977	32.4926	0.6088	8.3209
7.6868	0.6933	32.4131	0.6064	8.2287
7.7318	0.6946	31.9728	0.6038	8.4167
7.6904	0.6899	32.7856	0.6053	8.4549
7.5183	0.6842	31.2745	0.5930	8.0485
7.6445	0.6853	31.1764	0.6074	8.3052
7.6445	0.6905	32.9301	0.6032	8.2017
7.8141	0.7038	32.2562	0.6116	8.4604
7.6251	0.6918	31.7071	0.6002	8.2561
7.7566	0.6932	33.0077	0.6036	8.2532
7.6111	0.6840	32.9549	0.5955	8.0867
7.6909	0.6961	32.9799	0.6112	8.4184
7.6895	0.6984	31.9312	0.6012	8.2414
7.6318	0.6919	32.3959	0.6170	8.3848
7.7131	0.7016	31.9663	0.6045	8.2748
7.7199	0.7000	32.5068	0.6085	8.3940
7.6298	0.6936	31.0053	0.6020	8.2781
7.7311	0.7020	32.1732	0.6028	8.4480
7.6878	0.6981	32.0416	0.6130	8.1186


UIPCC
==========================================
7.1331	0.6494	29.6016	1.0023	12.9884
7.1413	0.6414	29.2271	0.9487	13.0158
7.2023	0.6496	29.4610	0.9949	13.2931
7.1596	0.6432	28.9748	0.9401	13.1662
7.1766	0.6439	29.8989	0.9950	13.3084
7.0384	0.6405	28.4098	0.9681	13.0372
7.1715	0.6429	28.3626	1.0136	13.4257
7.1540	0.6462	30.1004	0.9734	13.0742
7.1903	0.6476	29.1709	0.9944	12.8938
7.0824	0.6425	28.6853	0.9861	13.3143
7.2167	0.6449	30.0596	0.9616	13.0225
7.1371	0.6414	30.0909	0.9213	12.9883
7.1921	0.6510	30.2467	1.0005	13.2194
7.1778	0.6519	28.9022	0.9944	13.1572
7.1124	0.6448	29.5698	1.0332	13.2391
7.1514	0.6505	28.7190	0.9840	13.1166
7.1391	0.6473	29.5183	0.9713	13.2019
7.1244	0.6477	28.2140	1.0287	13.2886
7.2112	0.6548	29.3763	0.9809	12.9252
7.1140	0.6460	29.0164	0.9472	13.0611


