Metric: | MAE	| NMAE	| RMSE	| MRE	| NPRE	
==========================================
UMEAN
Avg:	1.3308	0.9620	2.5851	1.7823	10.4042
Std:	0.0017	0.0020	0.0068	0.0129	0.0552
==========================================
IMEAN
Avg:	1.0762	0.7780	2.1008	1.1393	6.6654
Std:	0.0015	0.0020	0.0054	0.0086	0.0324
==========================================
UPCC
Avg:	0.7237	0.5231	1.6219	0.5195	3.8927
Std:	0.0029	0.0025	0.0038	0.0067	0.0923
==========================================
IPCC
Avg:	0.8378	0.6057	1.7210	0.7013	5.0845
Std:	0.0052	0.0042	0.0055	0.0052	0.1111
==========================================
UIPCC
Avg:	0.7227	0.5225	1.6133	0.5282	4.0769
Std:	0.0024	0.0022	0.0037	0.0058	0.0762
==========================================


Detailed results for 20 rounds:
==========================================
UMEAN
==========================================
1.3343	0.9610	2.5904	1.7864	10.4025
1.3317	0.9627	2.5946	1.7772	10.3531
1.3304	0.9614	2.5899	1.7792	10.3690
1.3283	0.9635	2.5730	1.7907	10.5003
1.3295	0.9632	2.5761	1.7853	10.4165
1.3293	0.9619	2.5768	1.7834	10.4163
1.3329	0.9631	2.5877	1.7870	10.3928
1.3327	0.9573	2.5954	1.7540	10.3437
1.3288	0.9601	2.5846	1.7828	10.4407
1.3309	0.9605	2.5915	1.7608	10.3238
1.3279	0.9611	2.5857	1.7777	10.3449
1.3300	0.9614	2.5829	1.7843	10.3842
1.3297	0.9611	2.5838	1.7804	10.4407
1.3318	0.9632	2.5859	1.7981	10.4498
1.3329	0.9640	2.5863	1.7955	10.4611
1.3331	0.9624	2.5863	1.7837	10.4267
1.3292	0.9638	2.5836	1.7894	10.4257
1.3308	0.9652	2.5729	1.8037	10.4334
1.3301	0.9579	2.5959	1.7534	10.2739
1.3310	0.9649	2.5783	1.7935	10.4849


IMEAN
==========================================
1.0778	0.7763	2.1133	1.1403	6.6653
1.0752	0.7772	2.0966	1.1458	6.7086
1.0766	0.7779	2.0981	1.1381	6.6450
1.0788	0.7825	2.0969	1.1416	6.7005
1.0755	0.7792	2.0997	1.1232	6.6942
1.0757	0.7784	2.0978	1.1472	6.6365
1.0756	0.7772	2.1011	1.1399	6.6380
1.0796	0.7755	2.1114	1.1318	6.6772
1.0744	0.7763	2.0995	1.1372	6.6187
1.0761	0.7766	2.0962	1.1492	6.6485
1.0784	0.7805	2.1029	1.1512	6.6628
1.0759	0.7777	2.0963	1.1427	6.6419
1.0782	0.7793	2.0985	1.1301	6.6694
1.0749	0.7774	2.1073	1.1422	6.7159
1.0751	0.7775	2.1040	1.1467	6.7000
1.0736	0.7751	2.1033	1.1203	6.6509
1.0758	0.7801	2.0938	1.1510	6.7051
1.0753	0.7799	2.1053	1.1284	6.6137
1.0755	0.7745	2.0915	1.1351	6.7005
1.0768	0.7806	2.1019	1.1442	6.6157


UPCC
==========================================
0.7256	0.5226	1.6250	0.5182	3.8090
0.7283	0.5264	1.6221	0.5267	3.9223
0.7233	0.5227	1.6252	0.5156	3.8215
0.7245	0.5255	1.6169	0.5253	3.9406
0.7292	0.5283	1.6217	0.5308	4.1589
0.7276	0.5265	1.6236	0.5256	3.9808
0.7202	0.5204	1.6182	0.5152	3.7980
0.7251	0.5209	1.6243	0.5195	3.8405
0.7210	0.5209	1.6131	0.5204	3.8514
0.7230	0.5218	1.6194	0.5262	3.9878
0.7235	0.5237	1.6264	0.5222	3.9247
0.7233	0.5229	1.6190	0.5230	3.9531
0.7209	0.5211	1.6260	0.4992	3.7623
0.7176	0.5190	1.6224	0.5216	3.7719
0.7204	0.5210	1.6265	0.5116	3.8246
0.7219	0.5212	1.6213	0.5152	3.8059
0.7227	0.5241	1.6178	0.5169	3.9098
0.7237	0.5249	1.6244	0.5150	3.9069
0.7250	0.5221	1.6172	0.5189	3.9307
0.7269	0.5269	1.6271	0.5228	3.9534


IPCC
==========================================
0.8387	0.6041	1.7280	0.6952	5.0720
0.8403	0.6074	1.7217	0.7000	5.0588
0.8367	0.6046	1.7234	0.6995	4.9968
0.8534	0.6190	1.7258	0.7135	5.3448
0.8410	0.6092	1.7205	0.7057	5.2010
0.8352	0.6044	1.7192	0.7000	5.0445
0.8309	0.6004	1.7161	0.6940	4.9364
0.8370	0.6012	1.7242	0.6967	5.0119
0.8427	0.6089	1.7198	0.7115	5.2062
0.8299	0.5990	1.7119	0.6954	4.9582
0.8350	0.6044	1.7247	0.6977	4.9862
0.8352	0.6037	1.7088	0.7071	5.0274
0.8347	0.6033	1.7206	0.7005	4.9732
0.8401	0.6076	1.7334	0.7048	5.1269
0.8358	0.6045	1.7206	0.6989	5.1400
0.8462	0.6109	1.7267	0.7079	5.3110
0.8376	0.6074	1.7180	0.6995	5.1292
0.8331	0.6042	1.7198	0.6985	4.9779
0.8376	0.6032	1.7140	0.6999	5.1274
0.8360	0.6061	1.7222	0.6994	5.0601


UIPCC
==========================================
0.7247	0.5219	1.6173	0.5253	4.0148
0.7261	0.5249	1.6129	0.5308	4.0974
0.7225	0.5221	1.6161	0.5266	4.0167
0.7259	0.5265	1.6080	0.5396	4.1800
0.7270	0.5267	1.6128	0.5369	4.2972
0.7247	0.5244	1.6146	0.5298	4.1384
0.7187	0.5193	1.6098	0.5218	3.9734
0.7240	0.5200	1.6159	0.5271	4.0009
0.7215	0.5213	1.6061	0.5335	4.0750
0.7215	0.5207	1.6111	0.5303	4.1120
0.7221	0.5227	1.6182	0.5320	4.0653
0.7222	0.5220	1.6088	0.5305	4.0936
0.7198	0.5203	1.6167	0.5120	3.9601
0.7188	0.5199	1.6165	0.5328	3.9951
0.7199	0.5207	1.6173	0.5234	4.0316
0.7229	0.5219	1.6133	0.5260	4.0585
0.7217	0.5233	1.6095	0.5234	4.0966
0.7216	0.5234	1.6147	0.5241	4.0922
0.7241	0.5215	1.6086	0.5301	4.1098
0.7251	0.5257	1.6183	0.5277	4.1298


