Metric: | MAE	| NMAE	| RMSE	| MRE	| NPRE	
==========================================
UMEAN
Avg:	1.2462	0.9456	2.4373	1.6798	10.0695
Std:	0.0026	0.0025	0.0039	0.0185	0.0832
==========================================
IMEAN
Avg:	1.0826	0.8214	2.1137	1.1338	6.9924
Std:	0.0020	0.0021	0.0051	0.0121	0.0428
==========================================
UPCC
Avg:	0.7411	0.5623	1.6370	0.5464	4.3806
Std:	0.0035	0.0028	0.0068	0.0084	0.0908
==========================================
IPCC
Avg:	0.8644	0.6558	1.7582	0.7435	5.4476
Std:	0.0039	0.0030	0.0055	0.0042	0.0540
==========================================
UIPCC
Avg:	0.7427	0.5635	1.6368	0.5512	4.4894
Std:	0.0029	0.0023	0.0066	0.0068	0.0687
==========================================


Detailed results for 20 rounds:
==========================================
UMEAN
==========================================
1.2457	0.9451	2.4373	1.6732	10.0654
1.2459	0.9434	2.4401	1.6763	10.0601
1.2487	0.9475	2.4339	1.7016	10.2214
1.2498	0.9498	2.4313	1.7081	10.2478
1.2456	0.9454	2.4362	1.6714	10.0096
1.2491	0.9470	2.4425	1.6893	10.1375
1.2453	0.9448	2.4426	1.6639	10.0085
1.2485	0.9441	2.4397	1.6765	10.0577
1.2444	0.9448	2.4399	1.6765	9.9703
1.2411	0.9407	2.4389	1.6395	9.8815
1.2459	0.9468	2.4306	1.6896	10.0805
1.2413	0.9440	2.4361	1.6719	10.0422
1.2458	0.9450	2.4421	1.6691	10.0097
1.2481	0.9475	2.4391	1.6835	10.1285
1.2493	0.9484	2.4386	1.6991	10.1764
1.2427	0.9399	2.4406	1.6456	10.0167
1.2491	0.9497	2.4344	1.7170	10.0986
1.2441	0.9447	2.4329	1.6796	10.0740
1.2462	0.9475	2.4292	1.6921	10.0158
1.2483	0.9451	2.4391	1.6714	10.0878


IMEAN
==========================================
1.0848	0.8231	2.1090	1.1441	7.0273
1.0805	0.8181	2.1195	1.1127	6.9144
1.0799	0.8194	2.1168	1.1417	7.0359
1.0820	0.8223	2.1095	1.1351	7.0130
1.0826	0.8216	2.1027	1.1314	7.0561
1.0849	0.8225	2.1122	1.1489	7.0439
1.0841	0.8225	2.1106	1.1358	7.0363
1.0792	0.8161	2.1136	1.1178	6.9167
1.0818	0.8213	2.1090	1.1347	7.0272
1.0834	0.8212	2.1145	1.1326	6.9745
1.0812	0.8216	2.1118	1.1427	6.9416
1.0855	0.8256	2.1088	1.1609	7.0081
1.0830	0.8216	2.1154	1.1417	6.9966
1.0851	0.8238	2.1253	1.1358	6.9822
1.0834	0.8224	2.1137	1.1439	6.9300
1.0818	0.8182	2.1166	1.1237	6.9398
1.0819	0.8225	2.1112	1.1318	6.9850
1.0835	0.8228	2.1184	1.1204	7.0305
1.0782	0.8198	2.1126	1.1104	6.9912
1.0853	0.8218	2.1225	1.1302	6.9984


UPCC
==========================================
0.7417	0.5627	1.6337	0.5514	4.3349
0.7346	0.5562	1.6379	0.5301	4.1871
0.7396	0.5612	1.6413	0.5412	4.4299
0.7479	0.5684	1.6469	0.5568	4.4072
0.7387	0.5607	1.6222	0.5454	4.4690
0.7394	0.5606	1.6286	0.5358	4.3096
0.7434	0.5640	1.6390	0.5519	4.4258
0.7417	0.5609	1.6320	0.5467	4.3719
0.7408	0.5624	1.6321	0.5447	4.4011
0.7406	0.5613	1.6350	0.5526	4.2930
0.7407	0.5628	1.6364	0.5365	4.3304
0.7367	0.5602	1.6406	0.5455	4.2503
0.7441	0.5645	1.6449	0.5560	4.5106
0.7481	0.5680	1.6455	0.5686	4.5683
0.7394	0.5613	1.6343	0.5388	4.3095
0.7397	0.5595	1.6396	0.5427	4.3450
0.7382	0.5612	1.6273	0.5497	4.4423
0.7427	0.5639	1.6395	0.5495	4.3591
0.7381	0.5612	1.6327	0.5408	4.3575
0.7469	0.5655	1.6502	0.5439	4.5086


IPCC
==========================================
0.8615	0.6537	1.7539	0.7423	5.4037
0.8666	0.6562	1.7621	0.7426	5.4420
0.8593	0.6521	1.7601	0.7394	5.4330
0.8640	0.6567	1.7553	0.7480	5.4541
0.8634	0.6553	1.7472	0.7434	5.4724
0.8718	0.6609	1.7603	0.7507	5.5621
0.8608	0.6530	1.7566	0.7357	5.3994
0.8664	0.6551	1.7551	0.7429	5.4024
0.8625	0.6548	1.7529	0.7430	5.4607
0.8651	0.6557	1.7590	0.7420	5.4589
0.8725	0.6630	1.7594	0.7491	5.5330
0.8631	0.6564	1.7575	0.7476	5.4296
0.8585	0.6513	1.7579	0.7404	5.3835
0.8720	0.6620	1.7736	0.7527	5.5573
0.8631	0.6552	1.7535	0.7436	5.3822
0.8640	0.6535	1.7585	0.7395	5.4577
0.8650	0.6576	1.7546	0.7440	5.4925
0.8604	0.6533	1.7597	0.7408	5.3952
0.8607	0.6544	1.7576	0.7385	5.3780
0.8664	0.6560	1.7691	0.7432	5.4543


UIPCC
==========================================
0.7427	0.5635	1.6334	0.5551	4.4366
0.7384	0.5591	1.6384	0.5403	4.3465
0.7410	0.5623	1.6413	0.5450	4.4989
0.7478	0.5683	1.6442	0.5606	4.5099
0.7406	0.5621	1.6220	0.5485	4.5793
0.7425	0.5629	1.6297	0.5461	4.4822
0.7441	0.5645	1.6380	0.5540	4.5107
0.7433	0.5621	1.6320	0.5518	4.4750
0.7415	0.5630	1.6313	0.5486	4.5132
0.7422	0.5626	1.6346	0.5564	4.4398
0.7435	0.5650	1.6358	0.5459	4.4528
0.7388	0.5619	1.6396	0.5532	4.3945
0.7440	0.5644	1.6438	0.5555	4.5559
0.7499	0.5693	1.6471	0.5708	4.6343
0.7411	0.5626	1.6339	0.5447	4.4522
0.7416	0.5609	1.6389	0.5490	4.4570
0.7404	0.5629	1.6276	0.5560	4.5709
0.7431	0.5643	1.6399	0.5506	4.4744
0.7393	0.5622	1.6337	0.5433	4.4192
0.7477	0.5662	1.6503	0.5477	4.5838


