Metric: | MAE	| NMAE	| RMSE	| MRE	| NPRE	
==========================================
UMEAN
Avg:	1.2472	0.9452	2.4418	1.6780	10.0628
Std:	0.0022	0.0022	0.0044	0.0146	0.0724
==========================================
IMEAN
Avg:	1.0785	0.8173	2.1045	1.1736	6.9886
Std:	0.0016	0.0018	0.0059	0.0084	0.0436
==========================================
UPCC
Avg:	0.7183	0.5444	1.6044	0.5252	4.1190
Std:	0.0037	0.0031	0.0059	0.0076	0.1144
==========================================
IPCC
Avg:	0.8459	0.6411	1.7327	0.7272	5.3737
Std:	0.0045	0.0035	0.0066	0.0044	0.0699
==========================================
UIPCC
Avg:	0.7203	0.5459	1.6030	0.5347	4.2844
Std:	0.0028	0.0025	0.0058	0.0059	0.0864
==========================================


Detailed results for 20 rounds:
==========================================
UMEAN
==========================================
1.2468	0.9445	2.4392	1.6683	10.0874
1.2471	0.9440	2.4437	1.6752	10.0448
1.2493	0.9482	2.4418	1.6889	10.1457
1.2508	0.9518	2.4294	1.7116	10.2181
1.2447	0.9440	2.4393	1.6647	9.9891
1.2494	0.9475	2.4400	1.6968	10.1800
1.2468	0.9435	2.4485	1.6630	9.9792
1.2506	0.9452	2.4421	1.6812	10.1326
1.2457	0.9430	2.4476	1.6682	10.0056
1.2436	0.9412	2.4441	1.6458	9.9202
1.2461	0.9454	2.4369	1.6792	10.0849
1.2421	0.9429	2.4432	1.6649	10.0568
1.2489	0.9458	2.4479	1.6803	10.0168
1.2481	0.9471	2.4423	1.6834	10.1053
1.2485	0.9458	2.4435	1.6925	10.1042
1.2466	0.9431	2.4411	1.6674	10.0721
1.2482	0.9464	2.4459	1.6958	9.9679
1.2454	0.9447	2.4400	1.6840	10.0507
1.2459	0.9455	2.4353	1.6828	10.0123
1.2492	0.9448	2.4444	1.6664	10.0821


IMEAN
==========================================
1.0791	0.8175	2.0970	1.1775	7.0278
1.0792	0.8169	2.1092	1.1685	6.9389
1.0775	0.8178	2.1066	1.1840	7.0300
1.0793	0.8213	2.1009	1.1763	7.0687
1.0769	0.8167	2.0915	1.1693	7.0434
1.0800	0.8190	2.0982	1.1896	7.0367
1.0788	0.8164	2.0994	1.1775	6.9759
1.0763	0.8135	2.1073	1.1633	6.9295
1.0768	0.8151	2.1017	1.1750	6.9940
1.0770	0.8151	2.1038	1.1669	6.9185
1.0775	0.8175	2.1064	1.1766	6.9475
1.0797	0.8196	2.0979	1.1888	6.9983
1.0774	0.8158	2.1068	1.1783	7.0135
1.0811	0.8203	2.1161	1.1718	7.0312
1.0801	0.8183	2.1112	1.1811	6.9213
1.0787	0.8161	2.1107	1.1565	6.9346
1.0780	0.8174	2.1029	1.1726	6.9943
1.0796	0.8189	2.1126	1.1677	7.0038
1.0752	0.8159	2.1025	1.1608	6.9867
1.0809	0.8175	2.1069	1.1705	6.9773


UPCC
==========================================
0.7203	0.5457	1.5984	0.5270	4.1299
0.7120	0.5390	1.6041	0.5095	3.9002
0.7211	0.5473	1.6094	0.5292	4.2967
0.7276	0.5536	1.6131	0.5353	4.2642
0.7142	0.5417	1.5899	0.5234	4.1754
0.7161	0.5431	1.5924	0.5166	4.1016
0.7210	0.5456	1.6039	0.5352	4.1984
0.7160	0.5411	1.6043	0.5146	3.9600
0.7184	0.5438	1.6011	0.5266	4.1487
0.7175	0.5430	1.6042	0.5283	4.0066
0.7193	0.5457	1.6042	0.5195	4.1503
0.7133	0.5415	1.6075	0.5213	4.0093
0.7187	0.5442	1.6106	0.5358	4.2322
0.7219	0.5478	1.6100	0.5393	4.2582
0.7165	0.5428	1.6076	0.5152	3.9882
0.7171	0.5425	1.6095	0.5209	4.0148
0.7150	0.5422	1.5977	0.5245	4.1268
0.7188	0.5453	1.6098	0.5281	4.0427
0.7167	0.5439	1.6040	0.5250	4.0778
0.7246	0.5481	1.6070	0.5278	4.2973


IPCC
==========================================
0.8401	0.6364	1.7218	0.7223	5.3598
0.8497	0.6432	1.7390	0.7240	5.3759
0.8407	0.6380	1.7333	0.7268	5.3252
0.8430	0.6414	1.7261	0.7299	5.3511
0.8480	0.6431	1.7245	0.7306	5.4126
0.8499	0.6446	1.7221	0.7351	5.4950
0.8450	0.6395	1.7319	0.7233	5.3388
0.8524	0.6442	1.7350	0.7331	5.3981
0.8409	0.6366	1.7290	0.7206	5.3167
0.8462	0.6404	1.7344	0.7223	5.3527
0.8515	0.6460	1.7319	0.7272	5.5044
0.8469	0.6429	1.7311	0.7335	5.3690
0.8380	0.6346	1.7298	0.7272	5.2337
0.8536	0.6477	1.7491	0.7331	5.5209
0.8482	0.6426	1.7381	0.7293	5.3622
0.8459	0.6400	1.7403	0.7249	5.3440
0.8447	0.6405	1.7346	0.7229	5.4048
0.8511	0.6456	1.7420	0.7307	5.4033
0.8407	0.6380	1.7295	0.7214	5.3318
0.8422	0.6370	1.7312	0.7253	5.2741


UIPCC
==========================================
0.7209	0.5461	1.5962	0.5372	4.2873
0.7166	0.5424	1.6038	0.5229	4.1468
0.7219	0.5479	1.6083	0.5332	4.4131
0.7270	0.5532	1.6084	0.5436	4.3935
0.7172	0.5439	1.5892	0.5309	4.3537
0.7189	0.5452	1.5904	0.5301	4.3049
0.7223	0.5466	1.6023	0.5429	4.3221
0.7193	0.5436	1.6030	0.5300	4.1551
0.7194	0.5446	1.5994	0.5317	4.3106
0.7197	0.5447	1.6022	0.5406	4.1692
0.7223	0.5480	1.6021	0.5361	4.3203
0.7160	0.5435	1.6053	0.5317	4.2159
0.7191	0.5445	1.6081	0.5411	4.3276
0.7247	0.5499	1.6110	0.5475	4.4090
0.7195	0.5451	1.6067	0.5289	4.1949
0.7189	0.5439	1.6076	0.5287	4.1839
0.7179	0.5443	1.5977	0.5348	4.3248
0.7216	0.5474	1.6097	0.5374	4.2364
0.7182	0.5450	1.6026	0.5324	4.2150
0.7243	0.5478	1.6052	0.5320	4.4037


