Metric: | MAE	| NMAE	| RMSE	| MRE	| NPRE	
==========================================
UMEAN
Avg:	14.7946	1.3265	52.5945	3.9346	24.2055
Std:	0.0423	0.0127	1.1630	0.0712	0.4331
==========================================
IMEAN
Avg:	7.5969	0.6811	40.2327	0.5463	6.7989
Std:	0.0442	0.0037	1.1966	0.0015	0.0286
==========================================
UPCC
Avg:	8.1674	0.7323	35.6715	1.3171	15.3010
Std:	0.0996	0.0099	1.3824	0.0686	0.3255
==========================================
IPCC
Avg:	8.4903	0.7612	39.4466	0.6860	9.6462
Std:	0.1360	0.0100	1.1749	0.0071	0.1709
==========================================
UIPCC
Avg:	8.0131	0.7184	37.0794	1.1686	12.8411
Std:	0.0992	0.0075	1.3260	0.0332	0.1637
==========================================


Detailed results for 20 rounds:
==========================================
UMEAN
==========================================
14.7648	1.3163	53.9067	3.8444	23.4404
14.7694	1.3094	52.2625	3.8253	23.8510
14.8412	1.3415	51.0518	4.0360	24.6594
14.7644	1.3131	52.4404	3.8905	24.0289
14.8166	1.3316	50.6817	3.9392	23.9490
14.8419	1.3402	53.2704	4.0178	24.8812
14.8858	1.3524	50.5267	4.0371	24.8893
14.8311	1.3363	53.7426	4.0206	24.5307
14.7278	1.3071	54.3188	3.8538	23.7540
14.7500	1.3128	53.7477	3.8474	23.7844
14.7559	1.3253	53.9250	3.9067	23.9433
14.7776	1.3213	52.9083	3.9031	24.0171
14.8083	1.3311	52.6237	3.9618	24.7044
14.8040	1.3281	50.7790	3.9382	24.4638
14.7632	1.3216	52.1876	3.9011	24.2517
14.8086	1.3348	52.4927	3.9545	24.4678
14.7484	1.3085	54.0917	3.8318	23.4884
14.7714	1.3270	53.0201	3.9640	24.0143
14.7867	1.3253	52.2939	3.9677	24.2548
14.8749	1.3471	51.6197	4.0514	24.7367


IMEAN
==========================================
7.6202	0.6793	41.4190	0.5478	6.7560
7.6073	0.6745	39.1206	0.5450	6.7760
7.5489	0.6824	38.6719	0.5503	6.8046
7.6382	0.6793	40.2621	0.5448	6.7831
7.5511	0.6786	38.3057	0.5447	6.8003
7.5669	0.6833	41.1766	0.5469	6.7809
7.5179	0.6830	38.1487	0.5474	6.8488
7.5781	0.6828	41.6338	0.5461	6.7576
7.6134	0.6757	41.7300	0.5459	6.8416
7.6580	0.6816	41.4114	0.5479	6.8175
7.6157	0.6840	41.6083	0.5481	6.8452
7.5590	0.6759	40.5182	0.5457	6.7987
7.5641	0.6799	40.2148	0.5458	6.7682
7.6697	0.6880	38.6532	0.5450	6.8214
7.5833	0.6789	39.4793	0.5444	6.7983
7.6256	0.6873	40.5632	0.5477	6.8378
7.6972	0.6829	41.9410	0.5453	6.7921
7.5677	0.6798	40.5292	0.5475	6.7712
7.5751	0.6789	39.9013	0.5452	6.7677
7.5801	0.6864	39.3652	0.5450	6.8107


UPCC
==========================================
8.1874	0.7299	37.1469	1.2308	15.0361
8.2311	0.7298	34.8316	1.3313	15.0049
8.2062	0.7418	34.3707	1.3480	15.5674
8.2939	0.7376	36.0816	1.3797	15.4845
8.1656	0.7338	33.3541	1.3543	15.1439
8.1261	0.7338	36.5428	1.3946	15.9348
8.1776	0.7429	33.3292	1.4071	15.7764
8.2720	0.7453	37.6840	1.3378	15.4975
7.9900	0.7091	37.4900	1.1781	14.4847
8.2181	0.7314	36.7668	1.2321	15.2084
8.1360	0.7307	37.0316	1.3414	15.2041
8.3400	0.7457	35.8476	1.4396	15.3659
7.9828	0.7176	35.1512	1.2079	15.1869
8.2358	0.7388	33.5727	1.2838	15.6507
8.0928	0.7245	34.5006	1.3183	15.0314
8.2198	0.7409	36.4448	1.3431	15.4223
8.2405	0.7311	37.5886	1.2492	15.0330
8.0005	0.7187	35.7023	1.2693	15.2278
8.0347	0.7201	35.3078	1.3252	15.0924
8.1979	0.7424	34.6858	1.3711	15.6671


IPCC
==========================================
8.6421	0.7704	40.7688	0.6996	9.9121
8.6223	0.7644	38.6525	0.6829	9.7634
8.2768	0.7481	37.6976	0.6802	9.4838
8.6148	0.7662	39.5764	0.6925	9.7777
8.5496	0.7684	37.7700	0.6915	9.6326
8.3119	0.7505	40.3911	0.6719	9.3606
8.2679	0.7511	36.7763	0.6816	9.4947
8.4914	0.7651	40.7616	0.6888	9.6642
8.5569	0.7594	40.8029	0.6864	9.8207
8.6931	0.7737	40.4754	0.6994	9.9931
8.4544	0.7593	40.6571	0.6913	9.6477
8.4698	0.7573	39.8334	0.6811	9.7361
8.3903	0.7542	39.4599	0.6827	9.5255
8.7491	0.7849	38.4378	0.6925	9.8391
8.5617	0.7664	38.9998	0.6823	9.6095
8.5709	0.7726	39.9005	0.6924	9.7487
8.4389	0.7487	41.0225	0.6809	9.4184
8.3183	0.7473	39.5733	0.6797	9.4176
8.3725	0.7504	38.7050	0.6845	9.5666
8.4526	0.7655	38.6704	0.6775	9.5114


UIPCC
==========================================
8.1142	0.7234	38.4759	1.1639	12.8861
8.1104	0.7191	36.0134	1.1672	12.8326
7.8902	0.7132	35.4243	1.1764	12.7347
8.1316	0.7232	37.3601	1.2042	13.0596
8.0414	0.7227	35.0287	1.2009	12.7432
7.8890	0.7124	38.0918	1.1746	13.0193
7.8785	0.7158	34.5130	1.1966	12.8178
8.0584	0.7261	38.7689	1.1781	12.9341
7.9943	0.7095	38.7245	1.0993	12.5676
8.1521	0.7255	38.1780	1.1620	13.0399
7.9792	0.7167	38.4795	1.1788	12.8051
8.0687	0.7214	37.4460	1.2330	13.0111
7.8922	0.7094	36.8795	1.1016	12.7625
8.1810	0.7339	35.4224	1.1832	13.0938
8.0243	0.7183	36.2917	1.1574	12.8728
8.0866	0.7289	37.6946	1.1872	12.9228
8.0181	0.7114	38.9456	1.1346	12.5154
7.8528	0.7055	37.2535	1.1254	12.5725
7.8975	0.7078	36.4774	1.1476	12.7094
8.0018	0.7246	36.1194	1.2009	12.9219


