Metric: | MAE	| NMAE	| RMSE	| MRE	| NPRE	
==========================================
UMEAN
Avg:	14.9653	1.3249	51.0255	3.9794	24.6830
Std:	0.0634	0.0115	0.7590	0.0612	0.4376
==========================================
IMEAN
Avg:	7.6654	0.6786	38.3598	0.5440	6.4515
Std:	0.0403	0.0048	0.6668	0.0018	0.0420
==========================================
UPCC
Avg:	8.6581	0.7665	35.3512	1.4326	15.7249
Std:	0.1174	0.0125	0.7957	0.0761	0.3869
==========================================
IPCC
Avg:	9.1699	0.8118	38.7084	0.7497	10.5453
Std:	0.1318	0.0121	0.5661	0.0053	0.1908
==========================================
UIPCC
Avg:	8.6479	0.7656	36.6027	1.3044	13.6861
Std:	0.1020	0.0102	0.6995	0.0421	0.2086
==========================================


Detailed results for 20 rounds:
==========================================
UMEAN
==========================================
15.0400	1.3388	50.1962	4.0090	24.9065
14.9109	1.3174	50.8526	3.9622	24.4330
15.0187	1.3352	50.0334	4.0046	25.0726
14.9628	1.3243	51.3321	3.9652	24.6986
14.9542	1.3232	51.1878	3.9923	24.9699
15.0223	1.3360	51.0912	4.0458	25.1373
14.9318	1.3179	50.2167	3.9509	24.4729
14.9551	1.3239	51.4925	3.9706	24.2701
14.9753	1.3269	50.5154	3.9567	24.6924
14.9053	1.3146	51.8857	3.9394	24.4458
14.9555	1.3221	51.8915	4.0049	24.6111
15.0026	1.3332	51.4657	4.0633	24.5153
14.9937	1.3283	50.9060	3.9216	24.4738
14.9830	1.3274	50.6974	3.9444	24.7823
14.8017	1.2963	52.3898	3.8904	23.9100
14.9935	1.3283	50.8581	3.9891	24.6186
14.9005	1.3136	51.4401	3.9501	24.5830
15.0590	1.3417	50.0649	4.0968	25.5733
15.0634	1.3435	49.6238	4.0885	25.6140
14.8770	1.3064	52.3696	3.8430	23.8784


IMEAN
==========================================
7.6788	0.6835	37.6159	0.5452	6.4725
7.7622	0.6858	38.4790	0.5444	6.4928
7.7176	0.6861	37.4765	0.5434	6.4952
7.6777	0.6795	38.4919	0.5440	6.5259
7.7008	0.6814	38.4733	0.5432	6.4482
7.6615	0.6814	38.5493	0.5467	6.4177
7.6800	0.6778	37.5128	0.5415	6.3923
7.6742	0.6793	38.5656	0.5475	6.4417
7.7013	0.6824	38.4839	0.5420	6.3942
7.6450	0.6743	38.9649	0.5427	6.4097
7.6812	0.6790	39.2312	0.5461	6.4790
7.6204	0.6772	38.9033	0.5428	6.4737
7.6502	0.6778	38.1147	0.5440	6.4206
7.6730	0.6798	38.0955	0.5457	6.5224
7.6131	0.6667	39.4733	0.5437	6.4572
7.5828	0.6718	38.3061	0.5401	6.3787
7.6281	0.6725	38.5478	0.5422	6.4399
7.6105	0.6781	36.9745	0.5452	6.4320
7.6697	0.6840	37.4860	0.5445	6.5018
7.6801	0.6744	39.4512	0.5445	6.4336


UPCC
==========================================
8.7296	0.7771	34.4651	1.4940	15.9365
8.7850	0.7761	35.5027	1.4796	15.8013
8.7712	0.7798	34.2843	1.4960	15.7195
8.5785	0.7593	35.2469	1.4499	15.5772
8.6542	0.7658	35.6067	1.3991	15.7639
8.5925	0.7642	35.3116	1.3959	16.1827
8.6357	0.7622	34.0599	1.4555	15.5268
8.5807	0.7596	35.2545	1.4643	15.4395
8.8668	0.7856	36.0809	1.5591	15.7630
8.6891	0.7663	36.2085	1.4618	15.6899
8.6054	0.7607	36.3709	1.3946	15.3327
8.5957	0.7638	36.2283	1.3715	15.5270
8.7739	0.7773	35.3562	1.4435	15.5385
8.7922	0.7789	35.1472	1.4592	16.0686
8.4006	0.7357	36.2190	1.3382	15.2271
8.6214	0.7638	35.6566	1.3989	15.8508
8.4786	0.7475	35.6515	1.3244	15.3239
8.8345	0.7871	33.6062	1.6143	16.8647
8.6135	0.7682	34.4189	1.3521	16.1889
8.5635	0.7520	36.3485	1.3003	15.1753


IPCC
==========================================
9.2568	0.8240	38.3793	0.7475	10.3701
9.4212	0.8323	39.0722	0.7595	10.7989
9.3698	0.8330	38.0293	0.7571	10.7894
9.2276	0.8167	38.8474	0.7470	10.6351
9.2528	0.8187	38.9549	0.7554	10.6676
8.9548	0.7964	38.5741	0.7458	10.1875
9.1205	0.8050	37.8674	0.7466	10.3717
9.2270	0.8168	39.0154	0.7527	10.5137
9.3236	0.8261	39.2337	0.7435	10.6215
9.2677	0.8174	39.5265	0.7592	10.7382
9.1179	0.8060	39.1001	0.7476	10.6009
9.0353	0.8029	39.0457	0.7460	10.5369
9.1249	0.8084	38.7674	0.7443	10.3546
9.2750	0.8217	38.3480	0.7540	10.7771
9.1585	0.8021	39.4916	0.7556	10.8669
8.9028	0.7887	38.3762	0.7475	10.3470
9.1464	0.8064	38.7502	0.7502	10.6055
9.0580	0.8070	37.3255	0.7420	10.4894
9.1338	0.8146	38.0899	0.7429	10.3426
9.0225	0.7923	39.3726	0.7486	10.2914


UIPCC
==========================================
8.7119	0.7755	35.8747	1.3312	13.5873
8.8416	0.7811	36.7967	1.3532	13.8663
8.8067	0.7829	35.6980	1.3526	13.8820
8.6483	0.7654	36.6630	1.2986	13.6776
8.6965	0.7695	36.8542	1.2937	13.6938
8.4977	0.7557	36.6027	1.2838	13.5692
8.6019	0.7592	35.5198	1.3130	13.4693
8.6492	0.7656	36.7804	1.3191	13.5169
8.8131	0.7809	37.0946	1.3514	13.8806
8.7199	0.7691	37.4214	1.3347	13.9076
8.6027	0.7605	37.3781	1.2763	13.5653
8.5596	0.7606	37.2767	1.2636	13.5058
8.6687	0.7680	36.5902	1.2963	13.5385
8.7580	0.7759	36.2654	1.3306	13.8724
8.5485	0.7486	37.5672	1.2687	13.7082
8.4779	0.7511	36.6055	1.2799	13.6235
8.5740	0.7559	36.7586	1.2370	13.5559
8.6375	0.7695	35.0393	1.4052	14.2379
8.6145	0.7683	35.7264	1.2615	13.7928
8.5296	0.7490	37.5403	1.2381	13.2706


