Metric: | MAE	| NMAE	| RMSE	| MRE	| NPRE	
==========================================
UMEAN
Avg:	14.9860	1.3278	50.9512	4.0294	24.7766
Std:	0.0162	0.0075	1.0468	0.0426	0.2507
==========================================
IMEAN
Avg:	7.5747	0.6711	37.9285	0.5435	6.4855
Std:	0.0484	0.0029	1.1054	0.0021	0.0413
==========================================
UPCC
Avg:	7.9574	0.7050	32.6277	1.2591	15.6647
Std:	0.1150	0.0091	1.2850	0.0645	0.2983
==========================================
IPCC
Avg:	8.0809	0.7160	36.2579	0.6414	8.7585
Std:	0.0622	0.0052	1.1150	0.0055	0.0987
==========================================
UIPCC
Avg:	7.6401	0.6769	33.7676	1.1067	12.5439
Std:	0.0700	0.0052	1.2330	0.0374	0.1748
==========================================


Detailed results for 20 rounds:
==========================================
UMEAN
==========================================
15.0031	1.3355	51.0608	4.0313	24.9462
14.9524	1.3186	51.2410	4.0080	24.6299
14.9893	1.3332	49.9384	4.0743	25.1598
14.9987	1.3378	50.6785	4.0628	25.1049
14.9667	1.3169	50.4137	3.9805	24.7915
14.9860	1.3369	50.4377	4.0623	24.9336
14.9643	1.3262	50.1439	4.0134	24.5852
14.9685	1.3269	51.2893	3.9966	24.4525
14.9633	1.3292	50.3520	4.0431	24.7630
14.9872	1.3233	52.1941	4.0343	24.7690
15.0075	1.3304	51.5397	4.0749	24.9384
14.9987	1.3375	50.4605	4.0919	24.8001
15.0024	1.3282	50.0328	4.0351	24.9193
14.9952	1.3213	50.8728	3.9579	24.6354
14.9932	1.3206	52.5158	4.0001	24.3216
15.0076	1.3287	51.5325	4.0203	24.8777
14.9828	1.3172	52.0503	3.9826	24.6288
14.9717	1.3367	49.6568	4.0976	24.9666
14.9801	1.3360	49.0552	4.0745	25.1082
15.0012	1.3150	53.5582	3.9470	24.1997


IMEAN
==========================================
7.5751	0.6743	38.0938	0.5452	6.4445
7.6530	0.6749	38.3581	0.5427	6.4768
7.5391	0.6706	36.7593	0.5439	6.5521
7.5069	0.6696	37.6992	0.5425	6.4822
7.6387	0.6721	37.1455	0.5429	6.5061
7.5930	0.6774	37.7626	0.5427	6.5148
7.5823	0.6720	37.0233	0.5431	6.4343
7.6059	0.6742	38.3502	0.5489	6.4929
7.5523	0.6709	37.7958	0.5401	6.4496
7.5947	0.6706	39.1981	0.5425	6.5097
7.6001	0.6737	38.6555	0.5458	6.5381
7.5348	0.6719	37.4723	0.5428	6.5355
7.5973	0.6726	36.7783	0.5441	6.5149
7.5873	0.6686	37.7406	0.5455	6.4996
7.5776	0.6674	39.5214	0.5437	6.4571
7.5232	0.6661	38.6576	0.5389	6.4043
7.5760	0.6660	38.9660	0.5424	6.4260
7.4843	0.6682	36.2659	0.5456	6.4365
7.5013	0.6690	35.8799	0.5420	6.5015
7.6716	0.6725	40.4460	0.5455	6.5327


UPCC
==========================================
7.9161	0.7046	33.1303	1.2278	15.6054
8.0698	0.7116	32.6906	1.3543	15.8621
7.8313	0.6966	31.0042	1.2494	15.7003
7.8782	0.7027	32.0472	1.2034	16.0092
7.9649	0.7008	31.7930	1.2587	15.6570
7.8481	0.7001	32.1083	1.1976	15.7073
7.7891	0.6903	31.1678	1.1918	14.9178
7.9436	0.7041	33.2641	1.2322	15.3264
8.0194	0.7124	32.7780	1.3308	15.7412
8.0690	0.7125	34.1108	1.2703	15.8550
7.8395	0.6950	33.2324	1.2252	15.5792
7.8769	0.7024	32.1788	1.2134	15.4694
8.2492	0.7303	32.0283	1.3790	16.1907
8.1058	0.7142	32.7871	1.2821	15.8575
7.9439	0.6997	34.5206	1.2742	15.1644
7.9969	0.7080	33.6607	1.2407	15.7925
7.9435	0.6983	34.1466	1.1792	15.4649
8.0302	0.7170	30.5381	1.4264	16.1277
7.7878	0.6945	30.2560	1.2185	15.7291
8.0450	0.7052	35.1119	1.2266	15.5376


IPCC
==========================================
8.0565	0.7171	36.3598	0.6448	8.7994
8.0721	0.7118	36.4657	0.6319	8.5378
8.0386	0.7150	35.1938	0.6448	8.7822
8.1037	0.7228	36.1932	0.6482	8.8503
8.0544	0.7087	35.3002	0.6398	8.7428
8.0315	0.7165	36.0349	0.6385	8.7551
8.0618	0.7144	35.3765	0.6442	8.6571
8.0711	0.7154	36.4376	0.6474	8.7053
8.1560	0.7245	36.2299	0.6476	8.7547
8.0644	0.7121	37.5764	0.6353	8.8002
8.0599	0.7145	36.8704	0.6322	8.6941
7.9431	0.7083	35.9784	0.6298	8.5915
8.2201	0.7277	35.4852	0.6479	8.8945
8.1785	0.7206	36.0769	0.6459	8.7862
8.1407	0.7170	38.0191	0.6445	8.8350
8.0988	0.7171	37.1741	0.6390	8.8249
8.1564	0.7171	37.3861	0.6419	8.9808
8.0108	0.7152	34.4650	0.6439	8.7901
8.0442	0.7174	33.9601	0.6415	8.7015
8.0550	0.7061	38.5745	0.6391	8.6865


UIPCC
==========================================
7.6037	0.6768	34.0381	1.0919	12.4823
7.6825	0.6775	33.9301	1.1393	12.4735
7.5639	0.6728	32.4525	1.1061	12.5733
7.6104	0.6788	33.4298	1.0993	12.7793
7.6364	0.6719	32.8961	1.1028	12.5782
7.5796	0.6762	33.4587	1.0816	12.4393
7.5547	0.6695	32.6516	1.0708	12.1171
7.6384	0.6771	34.1942	1.0864	12.2854
7.6936	0.6834	33.7233	1.1532	12.5910
7.6712	0.6774	35.2010	1.1154	12.6597
7.5870	0.6726	34.4773	1.0671	12.4980
7.5216	0.6707	33.3870	1.0579	12.3469
7.8278	0.6930	32.8100	1.1752	12.8948
7.7460	0.6825	33.6970	1.1422	12.7326
7.6796	0.6764	35.6566	1.1112	12.3791
7.6560	0.6778	34.7090	1.0836	12.6204
7.6835	0.6755	35.0896	1.0550	12.5839
7.6302	0.6812	31.8851	1.1996	12.7173
7.5668	0.6748	31.3024	1.0876	12.6078
7.6689	0.6723	36.3620	1.1080	12.5172


