Metric: | MAE	| NMAE	| RMSE	| MRE	| NPRE	
==========================================
UMEAN
Avg:	14.9930	1.3284	51.2561	4.0470	24.7810
Std:	0.0283	0.0077	1.3162	0.0328	0.2344
==========================================
IMEAN
Avg:	7.5516	0.6691	38.2411	0.5440	6.5017
Std:	0.0502	0.0037	1.4375	0.0018	0.0592
==========================================
UPCC
Avg:	7.6725	0.6798	31.9158	1.1771	15.6149
Std:	0.1227	0.0115	1.5095	0.0735	0.4680
==========================================
IPCC
Avg:	7.7252	0.6845	35.5520	0.6136	8.2486
Std:	0.0938	0.0075	1.4044	0.0061	0.1254
==========================================
UIPCC
Avg:	7.2854	0.6455	32.9729	1.0415	12.2028
Std:	0.0878	0.0075	1.5212	0.0426	0.2558
==========================================


Detailed results for 20 rounds:
==========================================
UMEAN
==========================================
14.9868	1.3340	52.6260	4.0832	24.9062
15.0328	1.3149	52.3234	3.9925	24.5482
14.9824	1.3466	49.7732	4.1073	25.0725
15.0054	1.3197	51.0276	4.0178	24.7488
14.9295	1.3364	49.6299	4.0595	24.6647
15.0003	1.3200	51.9855	4.0059	24.2896
14.9873	1.3347	49.3468	4.0921	25.0246
15.0053	1.3242	51.3518	4.0052	24.6249
14.9994	1.3331	52.3230	4.0712	25.1302
15.0043	1.3234	52.2399	4.0055	24.4045
15.0263	1.3178	53.7261	4.0271	24.7800
14.9880	1.3339	49.3873	4.0491	24.7563
15.0367	1.3230	50.4794	4.0526	24.7616
14.9745	1.3314	49.9253	4.0544	24.6783
14.9765	1.3309	51.1867	4.0889	24.9658
14.9857	1.3274	50.8299	4.0323	24.8972
15.0332	1.3216	53.7861	4.0538	24.8558
15.0088	1.3325	51.8895	4.0450	24.6706
14.9551	1.3366	50.0377	4.0816	25.2556
14.9413	1.3262	51.2476	4.0146	24.5851


IMEAN
==========================================
7.5598	0.6729	40.0317	0.5407	6.5146
7.6428	0.6685	39.3214	0.5472	6.5711
7.4327	0.6680	37.1399	0.5420	6.4385
7.5836	0.6670	37.9821	0.5411	6.5201
7.4975	0.6711	36.9098	0.5436	6.4217
7.5748	0.6665	38.6442	0.5438	6.4986
7.5187	0.6696	36.0989	0.5431	6.4787
7.5330	0.6648	38.0594	0.5465	6.5277
7.5641	0.6723	39.4670	0.5450	6.5154
7.5606	0.6668	39.2139	0.5422	6.4173
7.6150	0.6678	40.6824	0.5457	6.4564
7.4903	0.6666	35.9367	0.5433	6.4226
7.4970	0.6596	37.0028	0.5439	6.4931
7.5147	0.6682	36.6784	0.5444	6.4805
7.5269	0.6689	38.4791	0.5435	6.4702
7.6213	0.6751	37.6225	0.5478	6.6576
7.5788	0.6663	41.1426	0.5431	6.4849
7.5755	0.6725	39.1585	0.5441	6.5520
7.5405	0.6739	36.9306	0.5444	6.5186
7.6047	0.6750	38.3211	0.5448	6.5950


UPCC
==========================================
7.7944	0.6938	34.1138	1.2041	16.2862
7.6887	0.6725	33.0450	1.1097	15.5993
7.5381	0.6775	31.1478	1.1259	15.9444
7.7923	0.6853	31.5778	1.2194	16.2123
7.4753	0.6691	30.0905	1.1486	14.8602
7.5748	0.6665	31.8662	1.2048	14.8819
7.7580	0.6909	30.1717	1.2353	15.9966
7.6937	0.6789	31.9269	1.2069	15.2777
7.9683	0.7082	33.3545	1.3005	16.4479
7.6251	0.6725	32.7745	1.1422	15.0587
7.6654	0.6723	34.0758	1.0917	15.5389
7.7637	0.6910	29.6418	1.2603	15.8173
7.6821	0.6759	30.4211	1.2840	15.8115
7.6827	0.6831	30.4191	1.2366	15.4984
7.6980	0.6841	32.7453	1.1621	16.0402
7.8191	0.6926	31.3072	1.2542	15.6701
7.5195	0.6611	35.2138	1.0581	15.3675
7.4500	0.6614	32.6155	1.0550	14.7522
7.6446	0.6832	30.2738	1.1740	15.5593
7.6158	0.6760	31.5342	1.0695	15.6774


IPCC
==========================================
7.7548	0.6903	37.2649	0.6103	8.2628
7.7416	0.6772	35.8547	0.6174	8.3327
7.5996	0.6830	34.3278	0.6094	8.1572
7.7658	0.6830	35.2489	0.6105	8.2449
7.5952	0.6799	33.9883	0.6159	8.1265
7.6858	0.6763	36.0193	0.6168	8.2311
7.8052	0.6951	33.5719	0.6152	8.3350
7.6743	0.6772	35.4266	0.6139	8.2385
7.7887	0.6923	36.6180	0.6161	8.3569
7.6789	0.6773	36.5148	0.6109	8.0851
7.8451	0.6880	37.9922	0.6164	8.3535
7.6938	0.6847	33.5746	0.6068	8.0706
7.7737	0.6840	34.5735	0.6219	8.3263
7.7109	0.6856	34.0040	0.6078	8.2222
7.7525	0.6889	35.6039	0.6170	8.2886
7.9736	0.7063	35.2248	0.6247	8.6017
7.7777	0.6838	38.8403	0.6157	8.2797
7.5868	0.6735	36.2213	0.5979	8.0234
7.5791	0.6774	34.3291	0.6054	8.1536
7.7212	0.6853	35.8402	0.6210	8.2821


UIPCC
==========================================
7.3431	0.6536	34.9554	1.0642	12.4474
7.3022	0.6387	33.5658	1.0307	12.1258
7.1467	0.6423	31.8081	1.0208	12.3790
7.3569	0.6471	32.5819	1.0738	12.5138
7.1397	0.6391	31.2978	1.0144	11.7180
7.2356	0.6367	33.3599	1.0452	11.8569
7.3445	0.6541	30.8191	1.0654	12.4779
7.2464	0.6395	32.9329	1.0511	12.1312
7.4405	0.6613	34.2811	1.1073	12.6604
7.2386	0.6384	33.8999	1.0224	11.9933
7.3634	0.6458	35.3882	1.0096	12.1107
7.2917	0.6490	30.7254	1.0732	12.2528
7.3128	0.6434	31.6756	1.1115	12.2545
7.2843	0.6477	31.4256	1.0666	12.1499
7.3056	0.6492	33.2764	1.0371	12.3661
7.4755	0.6622	32.4093	1.1003	12.4954
7.2734	0.6394	36.5211	0.9742	12.0485
7.1422	0.6341	33.7950	0.9378	11.6861
7.2040	0.6438	31.6775	1.0159	12.1373
7.2611	0.6445	33.0628	1.0085	12.2515


