Metric: | MAE	| NMAE	| RMSE	| MRE	| NPRE	
==========================================
UMEAN
Avg:	1.4679	0.9795	2.9231	1.7417	11.0188
Std:	0.0035	0.0037	0.0078	0.0186	0.1055
==========================================
IMEAN
Avg:	1.2251	0.8175	2.3537	1.1962	7.5594
Std:	0.0031	0.0029	0.0049	0.0159	0.0677
==========================================
UPCC
Avg:	0.9325	0.6222	1.9131	0.7382	6.4746
Std:	0.0035	0.0030	0.0053	0.0102	0.1171
==========================================
IPCC
Avg:	1.0240	0.6833	2.0343	0.8307	6.3185
Std:	0.0033	0.0026	0.0052	0.0045	0.0759
==========================================
UIPCC
Avg:	0.9239	0.6165	1.9104	0.7257	6.3185
Std:	0.0030	0.0026	0.0053	0.0086	0.0920
==========================================


Detailed results for 20 rounds:
==========================================
UMEAN
==========================================
1.4654	0.9738	2.9375	1.7348	10.9051
1.4691	0.9787	2.9284	1.7247	10.9556
1.4726	0.9815	2.9261	1.7418	11.0315
1.4652	0.9794	2.9104	1.7420	11.0010
1.4711	0.9832	2.9184	1.7599	11.1472
1.4689	0.9796	2.9233	1.7593	11.1750
1.4677	0.9780	2.9300	1.7194	10.9302
1.4709	0.9828	2.9214	1.7608	11.1231
1.4621	0.9739	2.9240	1.7151	10.8565
1.4699	0.9789	2.9320	1.7259	11.0089
1.4669	0.9821	2.9158	1.7550	11.1243
1.4744	0.9860	2.9201	1.7572	11.1720
1.4674	0.9806	2.9220	1.7546	11.0067
1.4658	0.9763	2.9303	1.7029	10.9409
1.4703	0.9815	2.9206	1.7502	11.0512
1.4711	0.9864	2.9056	1.7773	11.1096
1.4700	0.9817	2.9207	1.7542	11.1579
1.4639	0.9776	2.9227	1.7455	10.9341
1.4654	0.9748	2.9359	1.7234	10.8738
1.4600	0.9735	2.9164	1.7293	10.8717


IMEAN
==========================================
1.2222	0.8121	2.3537	1.1706	7.4420
1.2218	0.8140	2.3526	1.1955	7.5308
1.2213	0.8140	2.3492	1.1781	7.5661
1.2256	0.8193	2.3525	1.1987	7.4882
1.2268	0.8200	2.3493	1.2066	7.5934
1.2257	0.8174	2.3588	1.1926	7.5293
1.2250	0.8163	2.3579	1.1950	7.6149
1.2310	0.8225	2.3509	1.2198	7.6293
1.2210	0.8133	2.3586	1.1751	7.5083
1.2295	0.8188	2.3555	1.1904	7.5828
1.2267	0.8213	2.3505	1.2070	7.5784
1.2260	0.8199	2.3486	1.1962	7.6407
1.2248	0.8184	2.3554	1.2044	7.5304
1.2234	0.8149	2.3538	1.1830	7.5567
1.2265	0.8188	2.3500	1.1994	7.6047
1.2204	0.8183	2.3426	1.1874	7.5901
1.2250	0.8181	2.3552	1.2190	7.6274
1.2307	0.8218	2.3595	1.2322	7.5645
1.2275	0.8165	2.3545	1.2019	7.6417
1.2210	0.8141	2.3655	1.1717	7.3681


UPCC
==========================================
0.9270	0.6160	1.9172	0.7116	6.2535
0.9304	0.6199	1.9116	0.7427	6.5015
0.9341	0.6226	1.9082	0.7434	6.4712
0.9346	0.6248	1.9094	0.7367	6.5745
0.9315	0.6226	1.9098	0.7188	6.4219
0.9313	0.6210	1.9157	0.7326	6.3182
0.9355	0.6234	1.9154	0.7501	6.4609
0.9319	0.6227	1.9094	0.7364	6.5214
0.9279	0.6181	1.9188	0.7347	6.3493
0.9366	0.6238	1.9090	0.7459	6.6219
0.9327	0.6244	1.9116	0.7586	6.6259
0.9342	0.6248	1.9065	0.7301	6.5466
0.9323	0.6230	1.9199	0.7410	6.5230
0.9373	0.6243	1.9095	0.7458	6.6128
0.9239	0.6168	1.9065	0.7355	6.2843
0.9360	0.6276	1.9073	0.7390	6.5876
0.9364	0.6254	1.9121	0.7482	6.5992
0.9357	0.6248	1.9231	0.7397	6.4865
0.9325	0.6203	1.9175	0.7396	6.4365
0.9280	0.6188	1.9238	0.7327	6.2951


IPCC
==========================================
1.0214	0.6787	2.0347	0.8240	6.2766
1.0240	0.6822	2.0366	0.8275	6.3572
1.0279	0.6851	2.0290	0.8315	6.3576
1.0268	0.6864	2.0335	0.8305	6.3032
1.0240	0.6844	2.0275	0.8304	6.3582
1.0292	0.6863	2.0420	0.8356	6.4212
1.0203	0.6798	2.0364	0.8257	6.3088
1.0257	0.6853	2.0296	0.8354	6.3496
1.0177	0.6779	2.0362	0.8217	6.1513
1.0283	0.6848	2.0381	0.8307	6.3346
1.0189	0.6822	2.0299	0.8360	6.2856
1.0240	0.6848	2.0289	0.8286	6.3596
1.0193	0.6811	2.0348	0.8290	6.2122
1.0255	0.6831	2.0350	0.8344	6.3051
1.0236	0.6833	2.0291	0.8294	6.3417
1.0240	0.6866	2.0231	0.8353	6.3872
1.0290	0.6872	2.0383	0.8376	6.4827
1.0232	0.6833	2.0396	0.8338	6.2779
1.0263	0.6827	2.0391	0.8344	6.3256
1.0211	0.6808	2.0437	0.8235	6.1748


UIPCC
==========================================
0.9196	0.6111	1.9143	0.7027	6.1399
0.9221	0.6144	1.9098	0.7297	6.3557
0.9261	0.6173	1.9052	0.7302	6.3268
0.9262	0.6192	1.9074	0.7214	6.4024
0.9232	0.6170	1.9061	0.7113	6.2658
0.9244	0.6164	1.9140	0.7236	6.2401
0.9263	0.6172	1.9133	0.7371	6.2836
0.9236	0.6171	1.9062	0.7252	6.3535
0.9191	0.6122	1.9159	0.7194	6.1969
0.9276	0.6177	1.9074	0.7295	6.4484
0.9224	0.6176	1.9081	0.7436	6.4139
0.9253	0.6188	1.9041	0.7190	6.3867
0.9222	0.6162	1.9162	0.7270	6.3134
0.9276	0.6179	1.9079	0.7311	6.4136
0.9171	0.6122	1.9043	0.7249	6.1930
0.9265	0.6213	1.9029	0.7269	6.4050
0.9278	0.6196	1.9099	0.7345	6.4555
0.9263	0.6186	1.9199	0.7271	6.3201
0.9242	0.6147	1.9145	0.7283	6.2758
0.9202	0.6135	1.9214	0.7221	6.1801


