Metric: | MAE	| NMAE	| RMSE	| MRE	| NPRE	
==========================================
UMEAN
Avg:	1.4262	0.9855	2.7744	1.7375	11.1048
Std:	0.0145	0.0082	0.0135	0.0354	0.2144
==========================================
IMEAN
Avg:	1.2720	0.8790	2.4778	0.9143	7.6504
Std:	0.0050	0.0036	0.0110	0.0059	0.1132
==========================================
UPCC
Avg:	1.0820	0.7477	2.1068	0.9344	8.0797
Std:	0.0097	0.0059	0.0110	0.0152	0.2037
==========================================
IPCC
Avg:	1.1003	0.7604	2.1996	0.7962	6.4992
Std:	0.0050	0.0037	0.0116	0.0052	0.0816
==========================================
UIPCC
Avg:	1.0601	0.7326	2.0875	0.9349	7.6422
Std:	0.0080	0.0047	0.0105	0.0196	0.1672
==========================================


Detailed results for 20 rounds:
==========================================
UMEAN
==========================================
1.4225	0.9827	2.7760	1.7361	11.0303
1.4201	0.9810	2.7735	1.7173	11.0335
1.4296	0.9893	2.7683	1.7328	11.0577
1.4463	0.9975	2.7869	1.7803	11.4012
1.4447	0.9934	2.7972	1.7971	11.3303
1.4079	0.9769	2.7509	1.7055	11.0743
1.4036	0.9723	2.7672	1.6553	10.7465
1.4335	0.9882	2.7856	1.7654	11.1713
1.4228	0.9810	2.7793	1.7076	11.0065
1.4303	0.9890	2.7713	1.7452	11.1499
1.4383	0.9924	2.7824	1.7483	11.3093
1.4330	0.9913	2.7759	1.7382	11.3970
1.4436	0.9941	2.7922	1.7831	11.2612
1.4205	0.9778	2.7883	1.7113	10.9612
1.4143	0.9806	2.7534	1.7400	10.9927
1.4257	0.9882	2.7661	1.7224	11.1019
1.4548	1.0026	2.7940	1.7932	11.5437
1.3991	0.9709	2.7562	1.6796	10.6821
1.4119	0.9773	2.7645	1.7439	10.9300
1.4215	0.9845	2.7586	1.7483	10.9159


IMEAN
==========================================
1.2772	0.8823	2.4924	0.9193	7.5784
1.2639	0.8731	2.4819	0.9102	7.4862
1.2689	0.8781	2.4599	0.9116	7.6987
1.2738	0.8785	2.4646	0.9158	7.5889
1.2787	0.8793	2.4833	0.9249	7.7976
1.2683	0.8801	2.4949	0.9049	7.5277
1.2786	0.8857	2.4761	0.9271	7.8943
1.2787	0.8815	2.4754	0.9203	7.8190
1.2753	0.8793	2.4868	0.9109	7.7436
1.2745	0.8812	2.4944	0.9156	7.6597
1.2759	0.8804	2.4725	0.9104	7.6979
1.2729	0.8806	2.4698	0.9192	7.7025
1.2724	0.8762	2.4885	0.9137	7.5450
1.2702	0.8743	2.4784	0.9154	7.5921
1.2697	0.8803	2.4854	0.9113	7.5384
1.2669	0.8782	2.4591	0.9089	7.7240
1.2665	0.8728	2.4705	0.9099	7.6864
1.2770	0.8862	2.4868	0.9196	7.7095
1.2682	0.8778	2.4747	0.9135	7.5442
1.2619	0.8740	2.4615	0.9044	7.4742


UPCC
==========================================
1.0869	0.7508	2.1190	0.9203	8.1054
1.0741	0.7420	2.1089	0.9313	7.9087
1.0852	0.7510	2.0899	0.9636	8.1532
1.0927	0.7536	2.1003	0.9533	8.3556
1.0907	0.7500	2.1233	0.9325	8.3242
1.0713	0.7434	2.1045	0.9176	7.9578
1.0758	0.7452	2.1043	0.9198	7.8808
1.0861	0.7487	2.1099	0.9336	8.1598
1.0814	0.7455	2.1058	0.9335	7.9444
1.0852	0.7503	2.1224	0.9467	8.0968
1.0894	0.7517	2.1045	0.9642	8.2131
1.0971	0.7590	2.1101	0.9508	8.2503
1.0870	0.7485	2.1273	0.9312	8.1940
1.0763	0.7408	2.1112	0.9223	8.0064
1.0710	0.7425	2.1061	0.9185	7.9696
1.0842	0.7515	2.0890	0.9330	8.1702
1.1000	0.7580	2.1079	0.9531	8.5392
1.0703	0.7427	2.1124	0.9215	7.7772
1.0607	0.7342	2.0911	0.9133	7.6772
1.0746	0.7443	2.0882	0.9278	7.9103


IPCC
==========================================
1.1071	0.7648	2.2147	0.8007	6.4627
1.0976	0.7583	2.2077	0.7919	6.4820
1.0997	0.7610	2.1808	0.8021	6.5498
1.1113	0.7664	2.1939	0.7994	6.5862
1.1076	0.7616	2.2104	0.8062	6.6551
1.0985	0.7622	2.2181	0.7905	6.4098
1.0968	0.7597	2.1923	0.7976	6.5890
1.1061	0.7625	2.1997	0.8033	6.5624
1.1009	0.7591	2.2086	0.7869	6.5113
1.1066	0.7652	2.2185	0.7995	6.5914
1.0962	0.7564	2.1875	0.7916	6.5335
1.1006	0.7614	2.1960	0.7995	6.4880
1.0935	0.7530	2.2002	0.7952	6.3504
1.0941	0.7531	2.1972	0.7930	6.3780
1.1028	0.7646	2.2108	0.7953	6.4442
1.0980	0.7611	2.1801	0.7959	6.5547
1.0949	0.7546	2.1888	0.7875	6.5673
1.0953	0.7601	2.2057	0.7905	6.4187
1.0980	0.7600	2.1971	0.8003	6.3943
1.1010	0.7625	2.1836	0.7961	6.4552


UIPCC
==========================================
1.0657	0.7362	2.0992	0.9204	7.6617
1.0530	0.7275	2.0920	0.9299	7.5048
1.0622	0.7350	2.0698	0.9713	7.6793
1.0706	0.7383	2.0800	0.9582	7.8887
1.0681	0.7344	2.1010	0.9398	7.8434
1.0515	0.7296	2.0908	0.9105	7.5300
1.0555	0.7311	2.0859	0.9137	7.5230
1.0642	0.7336	2.0889	0.9361	7.7052
1.0601	0.7309	2.0899	0.9322	7.5364
1.0642	0.7358	2.1028	0.9554	7.6766
1.0645	0.7345	2.0830	0.9771	7.7356
1.0718	0.7415	2.0886	0.9525	7.7635
1.0627	0.7318	2.1055	0.9321	7.6819
1.0541	0.7256	2.0906	0.9148	7.5581
1.0519	0.7293	2.0895	0.9155	7.5484
1.0611	0.7355	2.0683	0.9279	7.7529
1.0738	0.7400	2.0871	0.9530	8.0279
1.0499	0.7285	2.0937	0.9159	7.3817
1.0431	0.7220	2.0749	0.9137	7.3043
1.0541	0.7301	2.0692	0.9279	7.5409


