Metric: | MAE	| NMAE	| RMSE	| MRE	| NPRE	
==========================================
UMEAN
Avg:	14.3039	1.3239	52.6970	3.9244	24.0729
Std:	0.0307	0.0103	2.1148	0.0456	0.2749
==========================================
IMEAN
Avg:	7.4209	0.6868	41.0647	0.5481	7.8206
Std:	0.0619	0.0036	2.2278	0.0020	0.0707
==========================================
UPCC
Avg:	7.5482	0.6986	34.7970	1.1858	15.3653
Std:	0.0833	0.0087	2.4220	0.0615	0.2881
==========================================
IPCC
Avg:	7.5317	0.6971	37.1671	0.6289	9.2395
Std:	0.1033	0.0080	2.4920	0.0064	0.1121
==========================================
UIPCC
Avg:	7.1365	0.6605	35.0058	1.0672	12.5818
Std:	0.0801	0.0060	2.6362	0.0299	0.1681
==========================================


Detailed results for 20 rounds:
==========================================
UMEAN
==========================================
14.3213	1.3235	53.9690	3.9515	24.2500
14.3114	1.3267	51.1733	3.9016	24.0128
14.2681	1.3131	55.4265	3.8879	23.6645
14.3438	1.3152	54.2269	3.8843	23.8917
14.3017	1.3277	54.3891	3.9553	24.0740
14.3321	1.3190	50.8352	3.9078	23.9022
14.3453	1.3014	52.9763	3.8312	23.7003
14.2840	1.3357	52.2665	3.9964	24.3915
14.3252	1.3071	56.6939	3.8859	23.7387
14.2937	1.3240	51.6350	3.9319	24.1037
14.3214	1.3263	51.9203	3.9113	24.0670
14.2930	1.3253	51.2764	3.9289	24.2089
14.3534	1.3247	54.0108	3.9396	24.2259
14.2635	1.3362	51.0558	3.9964	24.3423
14.3060	1.3247	52.1361	3.9302	24.2288
14.2777	1.3361	50.5032	3.9409	24.0943
14.2910	1.3136	57.2779	3.8702	23.6146
14.3069	1.3227	52.9048	3.9213	23.9531
14.2222	1.3462	49.7501	4.0276	24.7898
14.3156	1.3287	49.5128	3.8885	24.2036


IMEAN
==========================================
7.3889	0.6829	42.5176	0.5513	7.8272
7.4477	0.6904	39.6302	0.5471	7.8381
7.4503	0.6856	43.9101	0.5515	7.9867
7.4549	0.6836	42.4171	0.5484	7.7167
7.4642	0.6929	43.1603	0.5486	7.7556
7.4077	0.6817	38.7883	0.5465	7.7138
7.5799	0.6876	40.8719	0.5490	7.8261
7.3893	0.6910	40.8751	0.5495	7.9226
7.5092	0.6852	45.3430	0.5481	7.8220
7.4311	0.6883	40.0199	0.5473	7.8063
7.4303	0.6881	40.2120	0.5475	7.9016
7.4388	0.6898	39.4899	0.5475	7.8348
7.3697	0.6801	42.2962	0.5461	7.7621
7.3341	0.6870	39.6150	0.5450	7.8339
7.3711	0.6825	40.1289	0.5473	7.8213
7.3648	0.6892	38.9983	0.5488	7.8842
7.5014	0.6895	46.0224	0.5488	7.7214
7.3813	0.6824	41.0444	0.5432	7.7457
7.3142	0.6923	38.4763	0.5506	7.8905
7.3887	0.6858	37.4764	0.5504	7.8021


UPCC
==========================================
7.4758	0.6909	36.3247	1.0940	15.5257
7.6444	0.7086	33.8486	1.1271	15.3909
7.7707	0.7151	38.1690	1.2440	15.5615
7.5655	0.6937	35.9586	1.2044	15.2631
7.5510	0.7010	37.5568	1.1774	15.4987
7.5153	0.6916	32.4027	1.1610	15.1798
7.6374	0.6928	34.8871	1.0971	15.3080
7.5384	0.7049	33.7818	1.2988	15.7250
7.5300	0.6871	39.4729	1.1176	14.8639
7.6268	0.7064	33.4868	1.2428	15.4208
7.6700	0.7103	33.4553	1.2831	15.3509
7.5592	0.7009	33.1281	1.2006	15.4841
7.4470	0.6873	36.2204	1.1195	15.4274
7.4847	0.7011	33.4867	1.1741	15.3364
7.5179	0.6961	33.3721	1.2037	15.4847
7.4212	0.6945	32.7289	1.2371	15.1715
7.4888	0.6883	40.0274	1.0847	14.6540
7.5106	0.6944	34.3416	1.2196	15.4493
7.5498	0.7146	32.4621	1.2317	16.0773
7.4603	0.6924	30.8284	1.1979	15.1326


IPCC
==========================================
7.5048	0.6936	38.3542	0.6318	9.2342
7.7063	0.7144	36.2331	0.6291	9.2742
7.6373	0.7028	39.9285	0.6377	9.5252
7.5706	0.6942	39.2102	0.6286	9.2224
7.4943	0.6957	38.3629	0.6337	9.2043
7.5338	0.6933	35.3222	0.6253	9.1240
7.6856	0.6972	37.6193	0.6330	9.2369
7.3996	0.6920	36.0270	0.6207	9.3156
7.6174	0.6950	42.3742	0.6226	9.2244
7.4167	0.6870	35.8290	0.6124	9.0758
7.4122	0.6864	36.1937	0.6361	9.1688
7.5244	0.6977	34.6002	0.6283	9.1134
7.4570	0.6882	38.9351	0.6228	9.0832
7.5181	0.7043	36.4301	0.6278	9.2241
7.4305	0.6880	34.6888	0.6406	9.3903
7.4870	0.7006	34.6773	0.6271	9.1699
7.6884	0.7067	43.1335	0.6292	9.1888
7.4632	0.6900	36.6427	0.6254	9.2413
7.3940	0.6999	34.2767	0.6292	9.3580
7.6932	0.7140	34.5026	0.6372	9.4153


UIPCC
==========================================
7.0727	0.6536	36.3525	1.0566	12.6649
7.2742	0.6743	33.7794	1.0666	12.5476
7.2780	0.6698	38.1549	1.1291	12.7687
7.1651	0.6570	36.8612	1.0755	12.5582
7.1227	0.6612	36.9948	1.0592	12.5148
7.1269	0.6559	32.8191	1.0450	12.4477
7.2863	0.6610	35.4681	1.0276	12.5287
7.0585	0.6601	34.0079	1.0863	12.8965
7.1993	0.6569	40.3520	1.0270	12.3443
7.0919	0.6569	33.5326	1.0726	12.5032
7.1155	0.6590	33.9556	1.0896	12.4424
7.1271	0.6609	32.5047	1.0743	12.5410
7.0524	0.6509	36.8307	1.0265	12.5172
7.0949	0.6646	34.0560	1.0598	12.5831
7.0610	0.6538	32.8541	1.1064	12.7576
7.0528	0.6600	32.4393	1.0828	12.4131
7.2375	0.6652	41.0951	1.0019	12.3633
7.0694	0.6536	34.5531	1.0774	12.6035
7.0436	0.6667	32.1702	1.1023	13.0298
7.2010	0.6684	31.3345	1.0766	12.6114


