Metric: | MAE	| NMAE	| RMSE	| MRE	| NPRE	
==========================================
UMEAN
Avg:	1.1620	0.8962	2.2919	1.4794	9.0119
Std:	0.0017	0.0026	0.0048	0.0169	0.0748
==========================================
IMEAN
Avg:	1.1306	0.8720	2.1695	1.2108	7.0421
Std:	0.0022	0.0025	0.0050	0.0088	0.0748
==========================================
UPCC
Avg:	0.7387	0.5697	1.6565	0.5254	3.8716
Std:	0.0025	0.0014	0.0069	0.0052	0.0634
==========================================
IPCC
Avg:	0.8783	0.6774	1.7827	0.7523	5.4281
Std:	0.0047	0.0040	0.0046	0.0043	0.0922
==========================================
UIPCC
Avg:	0.7433	0.5733	1.6568	0.5374	4.0878
Std:	0.0023	0.0014	0.0065	0.0042	0.0531
==========================================


Detailed results for 20 rounds:
==========================================
UMEAN
==========================================
1.1625	0.8991	2.2833	1.4947	9.0718
1.1629	0.8958	2.2921	1.4706	8.9996
1.1633	0.8971	2.2932	1.4916	9.0351
1.1598	0.8970	2.2866	1.4881	9.0611
1.1640	0.8998	2.2884	1.5082	9.1094
1.1630	0.8989	2.2831	1.5065	9.0421
1.1605	0.8957	2.2909	1.4561	8.9509
1.1639	0.8978	2.2934	1.4882	9.1396
1.1611	0.8932	2.2947	1.4609	8.9893
1.1634	0.8988	2.2923	1.4835	9.0671
1.1602	0.8943	2.2939	1.4644	8.8760
1.1637	0.8980	2.2920	1.4832	9.0309
1.1618	0.8955	2.2947	1.4819	8.9370
1.1645	0.8983	2.2852	1.5000	9.1402
1.1592	0.8921	2.3009	1.4487	8.8869
1.1628	0.8962	2.2928	1.4794	9.0318
1.1610	0.8968	2.2915	1.4845	9.0107
1.1597	0.8925	2.2939	1.4647	8.9457
1.1595	0.8900	2.3021	1.4515	8.9137
1.1633	0.8968	2.2941	1.4820	8.9992


IMEAN
==========================================
1.1305	0.8744	2.1673	1.2120	7.0790
1.1291	0.8697	2.1728	1.1968	7.0161
1.1300	0.8714	2.1743	1.2032	7.0165
1.1318	0.8753	2.1648	1.2175	7.0607
1.1317	0.8748	2.1681	1.2247	7.0937
1.1321	0.8751	2.1650	1.2238	7.1500
1.1325	0.8741	2.1565	1.2225	7.2460
1.1271	0.8694	2.1717	1.2028	6.9821
1.1327	0.8713	2.1689	1.2162	7.0084
1.1318	0.8744	2.1709	1.2101	7.1101
1.1304	0.8713	2.1703	1.1928	6.9216
1.1301	0.8721	2.1649	1.2170	7.0696
1.1329	0.8733	2.1709	1.2182	7.0642
1.1277	0.8699	2.1739	1.2058	6.9320
1.1315	0.8708	2.1661	1.2131	6.9876
1.1262	0.8680	2.1684	1.2070	7.0229
1.1290	0.8720	2.1660	1.2107	7.0218
1.1333	0.8722	2.1798	1.2006	6.9618
1.1277	0.8656	2.1756	1.2035	6.9965
1.1341	0.8742	2.1747	1.2173	7.1017


UPCC
==========================================
0.7358	0.5691	1.6516	0.5297	3.8559
0.7411	0.5708	1.6539	0.5182	3.9177
0.7365	0.5679	1.6526	0.5238	3.8957
0.7343	0.5679	1.6453	0.5235	3.8941
0.7364	0.5693	1.6553	0.5303	3.8433
0.7340	0.5674	1.6544	0.5151	3.7434
0.7400	0.5712	1.6465	0.5306	3.9067
0.7374	0.5688	1.6623	0.5260	3.8448
0.7410	0.5700	1.6534	0.5266	3.9073
0.7379	0.5701	1.6598	0.5299	3.8766
0.7387	0.5694	1.6574	0.5237	3.8388
0.7408	0.5717	1.6516	0.5316	4.0080
0.7419	0.5719	1.6605	0.5278	3.9452
0.7412	0.5718	1.6589	0.5319	3.9532
0.7387	0.5685	1.6520	0.5282	3.9196
0.7389	0.5695	1.6545	0.5282	3.8429
0.7361	0.5685	1.6521	0.5285	3.8597
0.7414	0.5706	1.6716	0.5166	3.7494
0.7407	0.5685	1.6718	0.5167	3.8160
0.7416	0.5717	1.6653	0.5206	3.8130


IPCC
==========================================
0.8759	0.6775	1.7803	0.7497	5.4317
0.8822	0.6795	1.7840	0.7535	5.5115
0.8785	0.6775	1.7842	0.7536	5.4308
0.8735	0.6756	1.7741	0.7485	5.4197
0.8782	0.6789	1.7806	0.7541	5.4834
0.8887	0.6870	1.7884	0.7644	5.6071
0.8868	0.6845	1.7823	0.7567	5.6358
0.8690	0.6703	1.7802	0.7435	5.3045
0.8780	0.6754	1.7810	0.7507	5.3536
0.8789	0.6790	1.7886	0.7553	5.4189
0.8794	0.6779	1.7857	0.7529	5.3473
0.8743	0.6747	1.7774	0.7493	5.4353
0.8809	0.6790	1.7849	0.7554	5.4426
0.8822	0.6806	1.7855	0.7530	5.5319
0.8746	0.6731	1.7761	0.7522	5.3431
0.8793	0.6777	1.7820	0.7535	5.4219
0.8722	0.6737	1.7751	0.7497	5.3419
0.8759	0.6740	1.7838	0.7469	5.2912
0.8745	0.6712	1.7880	0.7477	5.3282
0.8830	0.6807	1.7916	0.7543	5.4827


UIPCC
==========================================
0.7402	0.5725	1.6522	0.5379	4.0623
0.7460	0.5746	1.6548	0.5322	4.1496
0.7416	0.5719	1.6541	0.5364	4.1169
0.7386	0.5713	1.6459	0.5321	4.0970
0.7416	0.5733	1.6554	0.5452	4.0704
0.7415	0.5732	1.6553	0.5354	4.0465
0.7452	0.5752	1.6476	0.5414	4.1714
0.7409	0.5715	1.6619	0.5354	4.0439
0.7447	0.5728	1.6534	0.5354	4.1234
0.7430	0.5740	1.6606	0.5423	4.0992
0.7434	0.5730	1.6582	0.5352	4.0347
0.7444	0.5744	1.6521	0.5423	4.1847
0.7463	0.5753	1.6597	0.5417	4.1422
0.7463	0.5757	1.6596	0.5432	4.1442
0.7423	0.5713	1.6518	0.5359	4.0884
0.7436	0.5731	1.6550	0.5373	4.0668
0.7403	0.5718	1.6520	0.5407	4.0550
0.7455	0.5737	1.6703	0.5292	3.9659
0.7445	0.5715	1.6714	0.5329	4.0299
0.7462	0.5752	1.6654	0.5350	4.0637


