Metric: | MAE	| NMAE	| RMSE	| MRE	| NPRE	
==========================================
UMEAN
Avg:	1.2100	0.9166	2.3612	1.5184	9.3132
Std:	0.0021	0.0029	0.0052	0.0155	0.0818
==========================================
IMEAN
Avg:	1.1462	0.8683	2.2098	1.1180	7.1627
Std:	0.0024	0.0029	0.0037	0.0112	0.0753
==========================================
UPCC
Avg:	0.8030	0.6083	1.7594	0.5606	4.5884
Std:	0.0034	0.0025	0.0061	0.0084	0.0852
==========================================
IPCC
Avg:	0.9398	0.7119	1.8732	0.7843	5.7582
Std:	0.0030	0.0028	0.0043	0.0053	0.0705
==========================================
UIPCC
Avg:	0.8068	0.6112	1.7596	0.5657	4.6937
Std:	0.0027	0.0021	0.0059	0.0059	0.0715
==========================================


Detailed results for 20 rounds:
==========================================
UMEAN
==========================================
1.2117	0.9191	2.3614	1.5361	9.3828
1.2112	0.9165	2.3669	1.5064	9.2478
1.2125	0.9209	2.3505	1.5452	9.4032
1.2101	0.9152	2.3657	1.5011	9.3440
1.2120	0.9202	2.3589	1.5424	9.4273
1.2100	0.9174	2.3549	1.5267	9.3356
1.2095	0.9149	2.3651	1.5180	9.3124
1.2048	0.9109	2.3677	1.4879	9.1652
1.2103	0.9153	2.3661	1.5133	9.2239
1.2119	0.9185	2.3635	1.5275	9.3588
1.2098	0.9145	2.3664	1.5106	9.2823
1.2113	0.9192	2.3564	1.5260	9.4847
1.2112	0.9166	2.3651	1.5162	9.2913
1.2084	0.9143	2.3634	1.5187	9.3236
1.2117	0.9201	2.3603	1.5305	9.3122
1.2094	0.9171	2.3518	1.5160	9.2951
1.2081	0.9150	2.3628	1.5081	9.2201
1.2049	0.9096	2.3658	1.4860	9.1829
1.2091	0.9171	2.3570	1.5171	9.2581
1.2126	0.9200	2.3548	1.5335	9.4137


IMEAN
==========================================
1.1447	0.8683	2.2072	1.1200	7.2161
1.1430	0.8648	2.2091	1.1012	7.0179
1.1490	0.8727	2.2016	1.1170	7.2779
1.1480	0.8682	2.2135	1.1296	7.1780
1.1484	0.8719	2.2101	1.1295	7.1583
1.1445	0.8677	2.2102	1.1229	7.0994
1.1457	0.8666	2.2111	1.1192	7.2320
1.1454	0.8660	2.2135	1.1186	7.1508
1.1443	0.8654	2.2129	1.1157	7.1247
1.1491	0.8709	2.2114	1.1250	7.2401
1.1427	0.8639	2.2167	1.1020	7.1100
1.1490	0.8719	2.2045	1.1385	7.2475
1.1453	0.8668	2.2107	1.1134	7.1769
1.1418	0.8639	2.2141	1.0954	7.0815
1.1475	0.8714	2.2050	1.1346	7.2470
1.1463	0.8692	2.2076	1.1078	7.2682
1.1494	0.8705	2.2099	1.1282	7.1943
1.1445	0.8640	2.2131	1.1098	7.0437
1.1496	0.8719	2.2094	1.1234	7.1068
1.1461	0.8695	2.2043	1.1084	7.0825


UPCC
==========================================
0.7979	0.6052	1.7494	0.5594	4.5647
0.8020	0.6068	1.7591	0.5567	4.5346
0.7994	0.6072	1.7431	0.5612	4.5083
0.8062	0.6097	1.7641	0.5486	4.6238
0.8004	0.6077	1.7602	0.5586	4.6623
0.8051	0.6103	1.7590	0.5578	4.5153
0.7999	0.6051	1.7566	0.5478	4.5714
0.8023	0.6066	1.7688	0.5622	4.5156
0.8067	0.6101	1.7654	0.5687	4.6108
0.7980	0.6048	1.7561	0.5434	4.4450
0.7998	0.6046	1.7580	0.5542	4.4435
0.8023	0.6088	1.7526	0.5624	4.6325
0.8072	0.6109	1.7657	0.5692	4.5660
0.8023	0.6070	1.7651	0.5597	4.6199
0.8033	0.6100	1.7647	0.5597	4.5722
0.8075	0.6124	1.7580	0.5725	4.8129
0.8014	0.6069	1.7608	0.5662	4.6102
0.8088	0.6106	1.7663	0.5715	4.7032
0.8018	0.6081	1.7575	0.5550	4.5789
0.8086	0.6135	1.7572	0.5770	4.6765


IPCC
==========================================
0.9334	0.7080	1.8662	0.7792	5.7178
0.9392	0.7107	1.8708	0.7846	5.7330
0.9451	0.7178	1.8645	0.7937	5.8856
0.9454	0.7150	1.8810	0.7841	5.8657
0.9378	0.7120	1.8737	0.7845	5.7150
0.9386	0.7116	1.8744	0.7840	5.7219
0.9401	0.7111	1.8760	0.7811	5.8196
0.9368	0.7083	1.8801	0.7778	5.6773
0.9372	0.7088	1.8745	0.7824	5.6515
0.9429	0.7146	1.8758	0.7881	5.8117
0.9352	0.7070	1.8715	0.7782	5.6747
0.9426	0.7153	1.8688	0.7965	5.8453
0.9404	0.7117	1.8764	0.7800	5.7125
0.9376	0.7094	1.8769	0.7767	5.7421
0.9386	0.7127	1.8742	0.7840	5.7436
0.9428	0.7149	1.8731	0.7832	5.8923
0.9404	0.7123	1.8718	0.7826	5.8000
0.9413	0.7106	1.8771	0.7843	5.7218
0.9412	0.7139	1.8700	0.7939	5.7202
0.9403	0.7134	1.8671	0.7870	5.7129


UIPCC
==========================================
0.8015	0.6080	1.7503	0.5625	4.6907
0.8055	0.6095	1.7586	0.5597	4.6381
0.8048	0.6113	1.7436	0.5701	4.6838
0.8106	0.6130	1.7648	0.5565	4.7454
0.8040	0.6105	1.7603	0.5634	4.7431
0.8084	0.6129	1.7598	0.5634	4.6358
0.8046	0.6087	1.7580	0.5563	4.6785
0.8062	0.6095	1.7691	0.5693	4.6073
0.8093	0.6120	1.7654	0.5705	4.6854
0.8039	0.6093	1.7575	0.5582	4.5859
0.8038	0.6076	1.7585	0.5612	4.5610
0.8070	0.6123	1.7531	0.5691	4.7615
0.8097	0.6128	1.7655	0.5697	4.6519
0.8057	0.6096	1.7653	0.5625	4.6841
0.8070	0.6128	1.7643	0.5653	4.7046
0.8103	0.6144	1.7577	0.5727	4.8741
0.8055	0.6101	1.7604	0.5689	4.7041
0.8115	0.6126	1.7662	0.5724	4.8007
0.8062	0.6115	1.7575	0.5633	4.6895
0.8110	0.6153	1.7559	0.5791	4.7484


