Metric: | MAE	| NMAE	| RMSE	| MRE	| NPRE	
==========================================
UMEAN
Avg:	14.4791	1.3319	50.9643	3.9737	25.2081
Std:	0.0270	0.0097	1.3202	0.0408	0.2548
==========================================
IMEAN
Avg:	7.4265	0.6831	39.1000	0.5505	7.2601
Std:	0.0532	0.0040	1.3557	0.0014	0.0597
==========================================
UPCC
Avg:	7.7013	0.7085	32.8909	1.2736	16.3418
Std:	0.1093	0.0130	1.5251	0.0658	0.3240
==========================================
IPCC
Avg:	7.5435	0.6939	36.0401	0.6158	8.7571
Std:	0.1100	0.0074	1.4825	0.0067	0.1339
==========================================
UIPCC
Avg:	7.1988	0.6622	33.6421	1.0860	12.7451
Std:	0.0762	0.0065	1.5630	0.0317	0.1496
==========================================


Detailed results for 20 rounds:
==========================================
UMEAN
==========================================
14.5085	1.3118	51.1727	3.8948	24.5806
14.5230	1.3152	52.5395	3.9421	24.9648
14.4726	1.3313	51.5050	3.9744	25.0679
14.4296	1.3405	49.2773	3.9895	25.3093
14.5173	1.3323	50.9892	3.9983	25.4745
14.4902	1.3162	52.0475	3.8856	25.0407
14.4785	1.3507	49.6557	4.0457	25.5557
14.4813	1.3366	50.8145	4.0135	25.2794
14.5253	1.3194	54.0196	3.9074	24.7444
14.4766	1.3357	50.8320	3.9784	25.3367
14.4701	1.3449	49.8136	4.0073	25.4800
14.4960	1.3320	52.7399	3.9787	25.0727
14.4845	1.3319	49.6973	4.0313	25.3454
14.4398	1.3360	50.6013	3.9972	25.1582
14.4532	1.3342	49.6866	3.9919	25.1037
14.4498	1.3273	51.7428	3.9740	25.1529
14.4901	1.3303	52.0334	3.9450	25.1434
14.4772	1.3339	51.3383	3.9803	25.3316
14.4839	1.3359	48.3311	3.9736	25.6318
14.4350	1.3426	50.4489	3.9660	25.3875


IMEAN
==========================================
7.5350	0.6813	38.9958	0.5501	7.2015
7.4450	0.6742	40.1805	0.5506	7.2552
7.4473	0.6850	39.6912	0.5501	7.2242
7.4242	0.6897	37.4221	0.5501	7.2263
7.3761	0.6769	38.7661	0.5506	7.3538
7.5100	0.6822	40.0835	0.5498	7.2978
7.3240	0.6832	38.0140	0.5521	7.3113
7.3964	0.6827	39.1956	0.5505	7.2607
7.5317	0.6841	42.5308	0.5483	7.1672
7.3870	0.6816	38.8755	0.5515	7.3008
7.4015	0.6879	38.4572	0.5502	7.2745
7.4223	0.6820	40.8407	0.5502	7.2386
7.4552	0.6855	37.7472	0.5532	7.1534
7.4169	0.6862	39.0948	0.5489	7.2177
7.4327	0.6861	37.6655	0.5507	7.2098
7.4460	0.6840	39.9794	0.5535	7.2841
7.3802	0.6776	40.0959	0.5496	7.3003
7.4432	0.6858	39.1529	0.5515	7.3991
7.3527	0.6781	36.0627	0.5475	7.3099
7.4019	0.6884	39.1489	0.5504	7.2157


UPCC
==========================================
7.6572	0.6923	32.3468	1.1477	15.8765
7.5212	0.6811	33.9307	1.1804	15.7657
7.6764	0.7061	33.2158	1.2598	16.5450
7.7837	0.7231	31.0448	1.3628	16.6304
7.6797	0.7048	32.4911	1.2164	16.3833
7.6142	0.6916	33.3670	1.2707	16.1165
7.6618	0.7148	31.7132	1.2243	16.3127
7.6638	0.7074	32.0774	1.3127	16.7901
7.7861	0.7072	36.5942	1.2904	15.8935
7.6267	0.7037	33.0270	1.2921	16.2059
7.7745	0.7226	32.8593	1.3327	16.5659
7.7141	0.7089	34.5131	1.2992	16.1611
7.8533	0.7221	31.3754	1.3396	16.8657
7.7399	0.7161	32.7776	1.3313	16.2901
7.4047	0.6835	31.0982	1.1463	15.7707
7.8627	0.7222	34.6489	1.3574	16.6032
7.7203	0.7088	34.3378	1.2491	16.2975
7.7655	0.7155	32.7604	1.3325	16.6747
7.6658	0.7070	29.6050	1.2055	16.4994
7.8548	0.7306	34.0337	1.3223	16.5891


IPCC
==========================================
7.6089	0.6880	35.2967	0.6168	8.7486
7.6638	0.6940	37.4509	0.6247	8.9338
7.6266	0.7015	36.2562	0.6186	8.6942
7.4218	0.6895	34.3126	0.6080	8.5028
7.6137	0.6987	35.7635	0.6197	8.9632
7.7093	0.7003	36.5860	0.6115	8.9458
7.4376	0.6938	35.3680	0.6066	8.6537
7.5266	0.6947	35.9182	0.6125	8.7675
7.7432	0.7033	39.5210	0.6268	8.8603
7.5353	0.6953	36.2182	0.6157	8.8379
7.4136	0.6891	35.2202	0.6016	8.5255
7.5786	0.6964	38.2745	0.6170	8.7636
7.5004	0.6897	34.4368	0.6117	8.6949
7.6168	0.7047	36.4381	0.6185	8.7375
7.5177	0.6940	34.4075	0.6170	8.7148
7.5420	0.6928	37.2725	0.6247	8.7344
7.5140	0.6898	36.9609	0.6231	8.8485
7.5747	0.6979	36.5763	0.6136	8.8828
7.2518	0.6688	32.6254	0.6053	8.5055
7.4734	0.6951	35.8977	0.6216	8.8274


UIPCC
==========================================
7.2263	0.6534	32.9063	1.0308	12.4512
7.2187	0.6537	35.0471	1.0467	12.5661
7.2246	0.6646	33.7311	1.0884	12.7594
7.1629	0.6654	31.9492	1.1072	12.8522
7.2106	0.6617	33.1456	1.0711	12.9789
7.2594	0.6594	34.1645	1.0751	12.7396
7.1173	0.6640	32.5930	1.0620	12.6873
7.1725	0.6620	33.2366	1.1028	12.9609
7.3582	0.6684	37.4080	1.1027	12.6799
7.1627	0.6609	33.7818	1.0781	12.7289
7.1510	0.6647	33.1247	1.0994	12.7515
7.2363	0.6649	35.7852	1.0981	12.7405
7.2418	0.6659	32.0761	1.1158	12.8498
7.2594	0.6717	33.8559	1.1229	12.7997
7.0697	0.6526	31.9075	1.0274	12.3788
7.2686	0.6677	35.2526	1.1189	12.8618
7.1849	0.6596	34.8385	1.0823	12.6581
7.2516	0.6681	33.9931	1.1101	12.9301
6.9956	0.6452	30.0574	1.0369	12.7190
7.2041	0.6700	33.9885	1.1442	12.8092


