Metric: | MAE	| NMAE	| RMSE	| MRE	| NPRE	
==========================================
UMEAN
Avg:	1.1883	0.8871	2.3362	1.4437	9.2689
Std:	0.0018	0.0022	0.0039	0.0141	0.0809
==========================================
IMEAN
Avg:	1.2227	0.9127	2.3281	1.2821	7.8556
Std:	0.0031	0.0035	0.0039	0.0171	0.0896
==========================================
UPCC
Avg:	0.8054	0.6012	1.7649	0.5629	4.5589
Std:	0.0034	0.0031	0.0050	0.0081	0.1148
==========================================
IPCC
Avg:	0.9622	0.7183	1.8972	0.8205	6.1469
Std:	0.0033	0.0029	0.0041	0.0051	0.0692
==========================================
UIPCC
Avg:	0.8123	0.6063	1.7674	0.5785	4.7501
Std:	0.0030	0.0028	0.0047	0.0069	0.0958
==========================================


Detailed results for 20 rounds:
==========================================
UMEAN
==========================================
1.1915	0.8901	2.3312	1.4653	9.3923
1.1884	0.8861	2.3364	1.4402	9.2536
1.1888	0.8874	2.3306	1.4501	9.3903
1.1891	0.8871	2.3351	1.4393	9.2425
1.1896	0.8894	2.3337	1.4629	9.2961
1.1851	0.8857	2.3379	1.4199	9.0886
1.1873	0.8875	2.3345	1.4367	9.2386
1.1902	0.8897	2.3349	1.4658	9.3506
1.1886	0.8875	2.3338	1.4510	9.2720
1.1862	0.8813	2.3466	1.4182	9.1263
1.1867	0.8860	2.3332	1.4403	9.3112
1.1871	0.8870	2.3377	1.4457	9.2931
1.1917	0.8911	2.3376	1.4551	9.3290
1.1880	0.8852	2.3369	1.4358	9.3431
1.1903	0.8880	2.3350	1.4575	9.2593
1.1860	0.8849	2.3424	1.4267	9.1711
1.1876	0.8859	2.3347	1.4472	9.3134
1.1859	0.8861	2.3342	1.4296	9.2396
1.1902	0.8902	2.3348	1.4567	9.3114
1.1884	0.8857	2.3433	1.4308	9.1554


IMEAN
==========================================
1.2221	0.9130	2.3325	1.2737	7.8985
1.2223	0.9113	2.3329	1.2708	7.7916
1.2210	0.9114	2.3352	1.2620	7.8000
1.2206	0.9106	2.3277	1.2818	7.9010
1.2273	0.9176	2.3268	1.2970	7.8619
1.2268	0.9168	2.3258	1.3093	8.0507
1.2265	0.9168	2.3211	1.3148	7.8680
1.2239	0.9149	2.3259	1.2827	7.8766
1.2234	0.9135	2.3283	1.2844	7.8462
1.2177	0.9047	2.3310	1.2498	7.7071
1.2232	0.9132	2.3240	1.2761	7.9577
1.2220	0.9130	2.3317	1.2967	7.8995
1.2243	0.9155	2.3259	1.2912	7.9014
1.2150	0.9053	2.3300	1.2558	7.6926
1.2199	0.9101	2.3246	1.2640	7.8480
1.2275	0.9158	2.3322	1.2937	7.9676
1.2221	0.9117	2.3292	1.2710	7.7288
1.2234	0.9142	2.3222	1.2867	7.8372
1.2242	0.9156	2.3225	1.3039	7.9327
1.2200	0.9091	2.3317	1.2769	7.7439


UPCC
==========================================
0.8100	0.6051	1.7688	0.5767	4.7113
0.8082	0.6026	1.7699	0.5572	4.6314
0.8086	0.6036	1.7758	0.5586	4.4729
0.8020	0.5983	1.7616	0.5508	4.5323
0.8114	0.6067	1.7656	0.5795	4.6513
0.8071	0.6032	1.7644	0.5659	4.6001
0.8074	0.6035	1.7618	0.5705	4.7558
0.8045	0.6014	1.7600	0.5637	4.5670
0.8043	0.6006	1.7612	0.5647	4.5471
0.8008	0.5949	1.7653	0.5541	4.2694
0.8003	0.5975	1.7602	0.5591	4.4198
0.8047	0.6013	1.7703	0.5653	4.5614
0.8097	0.6055	1.7656	0.5696	4.6952
0.8017	0.5973	1.7638	0.5542	4.4645
0.8063	0.6016	1.7627	0.5578	4.6003
0.8000	0.5969	1.7634	0.5493	4.3830
0.8012	0.5976	1.7625	0.5559	4.5727
0.8053	0.6018	1.7582	0.5665	4.5392
0.8066	0.6033	1.7599	0.5672	4.6734
0.8073	0.6016	1.7767	0.5705	4.5310


IPCC
==========================================
0.9610	0.7179	1.9020	0.8170	6.1449
0.9648	0.7194	1.8999	0.8208	6.1441
0.9662	0.7212	1.9043	0.8211	6.1568
0.9599	0.7161	1.8953	0.8162	6.1053
0.9659	0.7222	1.8948	0.8321	6.1925
0.9637	0.7202	1.8964	0.8257	6.2334
0.9674	0.7232	1.8923	0.8293	6.2606
0.9638	0.7204	1.8919	0.8220	6.2116
0.9628	0.7189	1.9002	0.8213	6.1304
0.9608	0.7138	1.9016	0.8114	6.0527
0.9648	0.7203	1.8971	0.8239	6.1692
0.9565	0.7147	1.8996	0.8152	6.0985
0.9643	0.7210	1.8973	0.8210	6.1940
0.9607	0.7158	1.8994	0.8139	6.0912
0.9624	0.7180	1.8953	0.8143	6.1971
0.9659	0.7207	1.9030	0.8223	6.2454
0.9589	0.7153	1.8935	0.8177	6.0202
0.9576	0.7156	1.8893	0.8176	6.1335
0.9605	0.7184	1.8917	0.8245	6.1562
0.9555	0.7120	1.8988	0.8234	6.0004


UIPCC
==========================================
0.8155	0.6093	1.7709	0.5862	4.8627
0.8151	0.6078	1.7725	0.5765	4.7982
0.8165	0.6095	1.7783	0.5761	4.6732
0.8087	0.6033	1.7643	0.5650	4.7349
0.8179	0.6115	1.7676	0.5918	4.8114
0.8139	0.6082	1.7667	0.5807	4.7844
0.8144	0.6088	1.7632	0.5857	4.9339
0.8118	0.6068	1.7623	0.5799	4.7643
0.8116	0.6060	1.7648	0.5798	4.7512
0.8087	0.6008	1.7687	0.5746	4.5031
0.8084	0.6036	1.7635	0.5780	4.6485
0.8107	0.6057	1.7726	0.5779	4.7535
0.8163	0.6104	1.7680	0.5844	4.8771
0.8090	0.6028	1.7670	0.5686	4.6714
0.8132	0.6067	1.7651	0.5730	4.7848
0.8083	0.6031	1.7674	0.5667	4.6329
0.8084	0.6031	1.7646	0.5723	4.7405
0.8115	0.6064	1.7607	0.5820	4.7199
0.8128	0.6079	1.7622	0.5838	4.8559
0.8122	0.6052	1.7777	0.5860	4.6995


