Metric: | MAE	| NMAE	| RMSE	| MRE	| NPRE	
==========================================
UMEAN
Avg:	1.1893	0.8918	2.3250	1.4440	9.3549
Std:	0.0058	0.0048	0.0045	0.0310	0.1552
==========================================
IMEAN
Avg:	1.2742	0.9554	2.4447	0.9318	8.0177
Std:	0.0075	0.0066	0.0092	0.0068	0.1503
==========================================
UPCC
Avg:	0.9577	0.7181	1.9193	0.7771	6.7291
Std:	0.0070	0.0055	0.0108	0.0117	0.1096
==========================================
IPCC
Avg:	1.0696	0.8020	2.0677	0.7993	6.7658
Std:	0.0067	0.0056	0.0106	0.0059	0.1297
==========================================
UIPCC
Avg:	0.9568	0.7174	1.9152	0.7710	6.6500
Std:	0.0064	0.0051	0.0109	0.0109	0.0967
==========================================


Detailed results for 20 rounds:
==========================================
UMEAN
==========================================
1.1985	0.8991	2.3225	1.5048	9.6132
1.1974	0.8971	2.3260	1.4681	9.5578
1.1879	0.8902	2.3262	1.4105	9.3213
1.1890	0.8923	2.3213	1.4370	9.4168
1.1839	0.8869	2.3294	1.4185	9.2025
1.1879	0.8910	2.3257	1.4164	9.2407
1.1887	0.8918	2.3251	1.4371	9.3833
1.1876	0.8940	2.3121	1.4586	9.3909
1.1884	0.8918	2.3222	1.4528	9.2525
1.1824	0.8841	2.3297	1.3850	9.0776
1.1943	0.8946	2.3251	1.4722	9.3490
1.1784	0.8826	2.3278	1.4080	9.2415
1.2036	0.9028	2.3287	1.4951	9.6555
1.1856	0.8880	2.3276	1.4232	9.2546
1.1909	0.8922	2.3266	1.4700	9.4555
1.1858	0.8901	2.3213	1.4512	9.2840
1.1912	0.8938	2.3211	1.4537	9.4996
1.1832	0.8869	2.3306	1.4145	9.1870
1.1926	0.8959	2.3191	1.4793	9.5390
1.1884	0.8901	2.3310	1.4231	9.1761


IMEAN
==========================================
1.2677	0.9511	2.4399	0.9255	7.9671
1.2695	0.9511	2.4386	0.9228	7.9853
1.2658	0.9486	2.4599	0.9337	7.6606
1.2768	0.9582	2.4485	0.9292	8.0566
1.2745	0.9548	2.4537	0.9393	7.9795
1.2770	0.9578	2.4576	0.9339	8.1439
1.2782	0.9589	2.4391	0.9396	8.0690
1.2880	0.9696	2.4479	0.9390	8.1830
1.2734	0.9555	2.4387	0.9308	7.9592
1.2559	0.9390	2.4283	0.9196	7.6520
1.2672	0.9492	2.4322	0.9217	7.9521
1.2670	0.9489	2.4484	0.9262	7.9325
1.2878	0.9660	2.4527	0.9459	8.1541
1.2779	0.9571	2.4492	0.9308	8.0960
1.2687	0.9505	2.4323	0.9310	8.0613
1.2752	0.9573	2.4521	0.9245	8.0557
1.2807	0.9609	2.4548	0.9355	7.9228
1.2813	0.9605	2.4450	0.9389	8.2522
1.2722	0.9557	2.4301	0.9336	8.1750
1.2783	0.9574	2.4449	0.9354	8.0968


UPCC
==========================================
0.9477	0.7110	1.9204	0.7633	6.5952
0.9575	0.7173	1.9188	0.7735	6.7568
0.9652	0.7234	1.9445	0.7935	6.8446
0.9667	0.7255	1.9267	0.7818	6.8080
0.9664	0.7240	1.9418	0.7874	6.7252
0.9622	0.7217	1.9287	0.7811	6.7025
0.9520	0.7142	1.9035	0.7851	6.6735
0.9608	0.7233	1.9155	0.7772	6.8691
0.9603	0.7206	1.9189	0.7928	6.6877
0.9514	0.7114	1.9041	0.7767	6.5137
0.9545	0.7150	1.9149	0.7694	6.6839
0.9484	0.7103	1.9213	0.7608	6.6327
0.9693	0.7271	1.9247	0.7863	6.9550
0.9618	0.7204	1.9189	0.7816	6.8350
0.9514	0.7128	1.9090	0.7578	6.6926
0.9433	0.7081	1.9069	0.7492	6.5598
0.9623	0.7220	1.9274	0.7747	6.7569
0.9624	0.7214	1.9182	0.7916	6.7794
0.9570	0.7189	1.9082	0.7761	6.8608
0.9531	0.7139	1.9127	0.7819	6.6496


IPCC
==========================================
1.0619	0.7966	2.0598	0.7965	6.7170
1.0685	0.8004	2.0642	0.7938	6.7337
1.0598	0.7942	2.0794	0.7956	6.4641
1.0734	0.8056	2.0691	0.7965	6.8799
1.0679	0.8000	2.0769	0.8004	6.7189
1.0756	0.8068	2.0838	0.8012	6.8074
1.0717	0.8040	2.0623	0.8040	6.8280
1.0772	0.8108	2.0649	0.8119	6.9279
1.0687	0.8020	2.0595	0.8003	6.6671
1.0565	0.7900	2.0503	0.7875	6.4807
1.0624	0.7958	2.0550	0.7942	6.6769
1.0621	0.7955	2.0697	0.7922	6.6829
1.0847	0.8136	2.0831	0.8101	6.9488
1.0742	0.8046	2.0738	0.7962	6.8353
1.0673	0.7996	2.0591	0.7984	6.8204
1.0728	0.8053	2.0735	0.7971	6.8006
1.0767	0.8078	2.0867	0.7976	6.7072
1.0720	0.8036	2.0652	0.8028	6.8789
1.0661	0.8009	2.0480	0.8021	6.9354
1.0727	0.8034	2.0699	0.8086	6.8042


UIPCC
==========================================
0.9471	0.7106	1.9147	0.7590	6.5531
0.9566	0.7166	1.9144	0.7693	6.6719
0.9616	0.7206	1.9407	0.7823	6.6560
0.9654	0.7245	1.9224	0.7742	6.7088
0.9641	0.7223	1.9361	0.7777	6.6326
0.9622	0.7217	1.9267	0.7715	6.6402
0.9528	0.7148	1.9013	0.7813	6.6154
0.9602	0.7228	1.9120	0.7728	6.7990
0.9586	0.7193	1.9130	0.7855	6.6043
0.9487	0.7093	1.8989	0.7680	6.4214
0.9523	0.7134	1.9081	0.7617	6.6101
0.9484	0.7103	1.9187	0.7543	6.5615
0.9685	0.7264	1.9218	0.7829	6.8560
0.9610	0.7198	1.9159	0.7740	6.7384
0.9512	0.7127	1.9043	0.7550	6.6451
0.9456	0.7099	1.9049	0.7457	6.5645
0.9615	0.7214	1.9246	0.7690	6.6367
0.9615	0.7207	1.9138	0.7868	6.7133
0.9553	0.7177	1.9021	0.7716	6.7900
0.9531	0.7139	1.9090	0.7783	6.5808


