Metric: | MAE	| NMAE	| RMSE	| MRE	| NPRE	
==========================================
UMEAN
Avg:	14.6854	1.3298	51.2431	3.9698	25.1355
Std:	0.0206	0.0081	1.1449	0.0324	0.2437
==========================================
IMEAN
Avg:	7.6134	0.6894	39.6594	0.5471	7.9415
Std:	0.0598	0.0040	1.2067	0.0019	0.0727
==========================================
UPCC
Avg:	7.7659	0.7033	33.1076	1.2534	15.7716
Std:	0.0700	0.0083	1.3184	0.0566	0.2783
==========================================
IPCC
Avg:	7.8447	0.7104	36.5000	0.6278	9.8745
Std:	0.0829	0.0078	1.1973	0.0054	0.1048
==========================================
UIPCC
Avg:	7.3944	0.6696	33.9666	1.1019	13.4809
Std:	0.0559	0.0061	1.3012	0.0342	0.1422
==========================================


Detailed results for 20 rounds:
==========================================
UMEAN
==========================================
14.6700	1.3283	51.4059	3.9609	24.9938
14.6931	1.3191	52.0583	3.9179	24.8500
14.6854	1.3404	49.5123	4.0099	25.5050
14.6688	1.3283	50.9340	3.9762	25.3462
14.7151	1.3230	53.4250	3.9720	24.8825
14.6672	1.3433	49.8064	4.0117	25.3955
14.6755	1.3250	51.4705	3.9466	24.7288
14.7034	1.3445	51.9752	4.0240	25.4317
14.6749	1.3298	49.9685	3.9789	25.2666
14.7255	1.3252	52.2056	3.9566	24.8206
14.6490	1.3448	49.8177	4.0193	25.4009
14.6893	1.3191	52.4480	3.9384	24.9203
14.7213	1.3297	52.7762	4.0181	25.3915
14.6963	1.3291	51.9938	3.9752	25.1722
14.6741	1.3387	50.3149	3.9393	25.3512
14.6681	1.3303	49.6339	3.9618	25.3527
14.6751	1.3249	51.1527	3.9429	25.0031
14.6665	1.3220	50.8633	3.9117	24.9090
14.7136	1.3211	52.6180	3.9597	24.8980
14.6758	1.3303	50.4825	3.9752	25.0912


IMEAN
==========================================
7.6339	0.6912	39.7774	0.5454	7.9364
7.6293	0.6849	40.2881	0.5455	7.7908
7.5953	0.6932	38.3157	0.5455	8.0232
7.5920	0.6875	38.9850	0.5493	8.0365
7.6245	0.6855	42.0672	0.5448	7.8063
7.5792	0.6942	38.4044	0.5470	7.9521
7.6182	0.6878	39.9618	0.5477	7.9685
7.5421	0.6897	40.1975	0.5487	8.0310
7.5365	0.6830	37.9460	0.5483	7.8921
7.7245	0.6951	40.6275	0.5463	7.9227
7.4879	0.6874	38.2830	0.5479	7.9540
7.6250	0.6847	41.1270	0.5509	7.9483
7.6037	0.6868	40.9922	0.5461	7.9670
7.6933	0.6958	40.6312	0.5505	8.0832
7.5630	0.6899	38.4381	0.5448	7.9621
7.5553	0.6852	37.8178	0.5456	7.8617
7.6064	0.6867	39.4424	0.5484	7.8649
7.6589	0.6904	39.4094	0.5448	7.8965
7.7057	0.6919	41.3317	0.5487	7.9531
7.6938	0.6974	39.1441	0.5454	7.9804


UPCC
==========================================
7.7628	0.7029	32.5851	1.3003	15.7125
7.7531	0.6961	33.2990	1.2527	15.5603
7.8517	0.7166	32.3746	1.3165	16.1321
7.6558	0.6933	31.9881	1.2429	15.7163
7.6872	0.6911	35.5036	1.1844	15.5723
7.7694	0.7116	31.6822	1.2346	15.9596
7.6928	0.6946	33.6896	1.1928	15.3317
7.7650	0.7101	33.5156	1.2585	16.1822
7.8541	0.7117	31.1227	1.3887	16.0734
7.7814	0.7003	34.9917	1.2753	15.1433
7.8089	0.7169	32.0668	1.3518	16.1588
7.7412	0.6951	34.9463	1.2033	15.7021
7.7005	0.6956	34.3782	1.1457	15.7367
7.7359	0.6996	33.7114	1.2161	15.8559
7.7769	0.7094	31.6463	1.2490	15.8353
7.6642	0.6951	31.1382	1.2682	15.9741
7.7238	0.6973	32.9147	1.1959	15.8582
7.9331	0.7151	33.3821	1.2352	15.9346
7.8665	0.7063	34.9915	1.2719	15.6566
7.7946	0.7065	32.2245	1.2833	15.3366


IPCC
==========================================
7.9822	0.7228	37.0442	0.6339	9.9707
7.9369	0.7126	37.3539	0.6351	9.8822
7.9780	0.7282	35.2103	0.6298	9.9388
7.7043	0.6976	35.7465	0.6297	9.9926
7.8320	0.7041	38.9375	0.6238	9.7671
7.8456	0.7186	35.3948	0.6233	9.9259
7.9825	0.7207	36.9822	0.6345	10.0281
7.7094	0.7050	37.1663	0.6223	9.9387
7.9099	0.7168	35.1886	0.6350	9.9569
7.8877	0.7098	37.5387	0.6260	9.7074
7.7703	0.7133	34.9257	0.6278	10.0014
7.8121	0.7015	37.5064	0.6316	9.8481
7.7418	0.6993	38.1426	0.6153	9.7073
7.8150	0.7068	37.3315	0.6251	9.7866
7.7825	0.7100	34.8942	0.6316	9.9181
7.8565	0.7125	35.0154	0.6336	9.9701
7.8766	0.7111	36.2975	0.6298	9.8944
7.7981	0.7029	35.5828	0.6211	9.7970
7.8793	0.7075	37.8591	0.6254	9.7718
7.7931	0.7064	35.8809	0.6219	9.6874


UIPCC
==========================================
7.4665	0.6761	34.0755	1.1457	13.6125
7.4363	0.6676	34.5459	1.1064	13.4173
7.5023	0.6847	32.6947	1.1336	13.6367
7.2845	0.6596	33.1935	1.1019	13.4609
7.3499	0.6608	36.5183	1.0618	13.2344
7.3917	0.6770	32.7033	1.0898	13.5721
7.4274	0.6706	34.4024	1.0781	13.3073
7.3142	0.6688	34.5762	1.1049	13.6375
7.4688	0.6768	32.3358	1.1777	13.7343
7.4458	0.6701	35.4992	1.0934	13.1949
7.3594	0.6756	32.4156	1.1579	13.6053
7.3708	0.6619	35.3734	1.0747	13.5220
7.3302	0.6621	35.6229	1.0202	13.3699
7.3745	0.6669	34.8160	1.0714	13.4476
7.3539	0.6709	32.3339	1.1145	13.4925
7.3542	0.6670	32.1291	1.1211	13.6301
7.3965	0.6678	33.7683	1.0858	13.5332
7.4078	0.6677	33.4384	1.1046	13.4932
7.4604	0.6699	35.6605	1.0944	13.3964
7.3938	0.6702	33.2289	1.1005	13.3207


