Metric: | MAE	| NMAE	| RMSE	| MRE	| NPRE	
==========================================
UMEAN
Avg:	14.6776	1.3284	51.2247	3.9458	25.1555
Std:	0.0295	0.0078	0.8132	0.0474	0.2998
==========================================
IMEAN
Avg:	7.6894	0.6959	39.8323	0.5478	7.9460
Std:	0.0471	0.0039	0.7990	0.0020	0.0537
==========================================
UPCC
Avg:	8.3490	0.7556	35.3919	1.3923	15.9256
Std:	0.0835	0.0079	0.8879	0.0645	0.2819
==========================================
IPCC
Avg:	8.7384	0.7908	39.1888	0.7030	11.3185
Std:	0.1626	0.0136	0.8076	0.0054	0.2415
==========================================
UIPCC
Avg:	8.2320	0.7450	36.7752	1.2434	14.3978
Std:	0.1085	0.0090	0.8686	0.0301	0.1983
==========================================


Detailed results for 20 rounds:
==========================================
UMEAN
==========================================
14.6659	1.3295	50.7926	3.9161	24.8876
14.6400	1.3200	51.6470	3.8856	24.8017
14.6823	1.3292	50.2426	3.9490	25.1871
14.7024	1.3384	50.2729	4.0340	25.6496
14.6711	1.3230	52.3646	3.9151	24.8730
14.6902	1.3322	52.2219	3.9719	25.2176
14.6597	1.3287	50.1596	3.9438	25.1089
14.7300	1.3365	52.2095	3.9598	25.4257
14.6351	1.3166	51.6820	3.8923	24.8476
14.6980	1.3312	50.7195	3.9376	24.8912
14.7428	1.3479	51.4184	4.0464	25.7298
14.6272	1.3160	51.5211	3.9219	24.9920
14.6960	1.3293	52.6583	4.0140	25.6671
14.6669	1.3204	51.6934	3.9495	25.1818
14.6864	1.3306	50.6493	3.8751	25.0220
14.6908	1.3328	50.1031	3.9525	25.6592
14.6889	1.3339	50.2823	3.9418	25.1038
14.6374	1.3182	51.1742	3.8728	24.8486
14.6561	1.3226	52.1220	3.9445	24.9833
14.6849	1.3309	50.5589	3.9917	25.0335


IMEAN
==========================================
7.7285	0.7006	39.5993	0.5459	7.9661
7.6755	0.6920	40.1495	0.5458	7.8848
7.7987	0.7060	39.2451	0.5472	7.9785
7.6335	0.6949	38.7424	0.5534	8.0558
7.6807	0.6926	41.0868	0.5462	7.8777
7.6912	0.6975	40.9085	0.5478	7.9929
7.7120	0.6990	38.7500	0.5516	8.0157
7.6444	0.6936	40.4524	0.5495	7.9663
7.6711	0.6901	39.8921	0.5474	7.8763
7.7253	0.6997	39.4102	0.5444	7.9867
7.5920	0.6941	40.1471	0.5466	7.9236
7.6557	0.6888	39.9648	0.5476	7.9237
7.6557	0.6925	41.2944	0.5474	7.9372
7.7591	0.6985	40.2872	0.5496	8.0326
7.6987	0.6975	39.0476	0.5484	7.9663
7.6594	0.6949	38.7836	0.5483	7.8523
7.6413	0.6939	38.8330	0.5468	7.9154
7.7326	0.6964	39.9083	0.5474	7.9117
7.7246	0.6971	40.8832	0.5476	7.9041
7.7087	0.6986	39.2613	0.5475	7.9519


UPCC
==========================================
8.4833	0.7690	34.7507	1.5308	15.8450
8.3422	0.7521	35.6185	1.3712	15.9173
8.5170	0.7710	34.7401	1.4631	16.2644
8.1944	0.7459	33.8212	1.3969	16.0211
8.2815	0.7468	36.6232	1.3883	15.3786
8.3492	0.7572	36.6618	1.3706	15.9282
8.3232	0.7544	34.5462	1.3062	15.9920
8.3244	0.7553	35.9823	1.3415	16.1646
8.3557	0.7517	35.6232	1.3867	15.8182
8.4677	0.7669	36.1150	1.4452	15.4304
8.2889	0.7579	35.3375	1.5035	16.2846
8.2708	0.7441	35.5372	1.3042	16.0768
8.2623	0.7473	36.9682	1.3080	15.9834
8.3044	0.7476	35.3839	1.3605	15.9811
8.3574	0.7572	34.6989	1.3341	15.6579
8.3359	0.7562	34.3253	1.4514	16.3051
8.4494	0.7673	34.3982	1.3864	16.2935
8.3951	0.7561	35.7311	1.3198	15.5721
8.4325	0.7609	36.5822	1.4534	16.0951
8.2457	0.7473	34.3924	1.4236	15.5031


IPCC
==========================================
8.7600	0.7941	39.1380	0.7024	11.1914
8.6345	0.7785	39.3530	0.7054	11.0218
8.9613	0.8112	38.9136	0.7000	11.3758
8.3899	0.7637	37.6390	0.7022	10.9733
8.6525	0.7803	40.1278	0.7080	11.4722
8.6995	0.7889	40.1448	0.6991	11.2533
9.1547	0.8297	38.5664	0.7184	11.9661
8.7750	0.7962	40.1828	0.6956	11.3799
8.8400	0.7953	39.6605	0.7015	11.4681
8.6753	0.7857	38.6941	0.7038	11.2797
8.4679	0.7742	39.1230	0.6942	10.9029
8.8308	0.7945	39.5116	0.7032	11.4270
8.7143	0.7882	40.5883	0.6980	11.3674
8.9570	0.8064	39.6838	0.7099	11.7588
8.7757	0.7951	38.0782	0.7032	11.3857
8.7215	0.7912	38.3332	0.7010	11.3668
8.6834	0.7885	38.1094	0.7011	11.1612
8.6804	0.7818	39.2152	0.7072	11.1091
8.7546	0.7900	40.1936	0.6969	11.2618
8.6390	0.7829	38.5199	0.7084	11.2471


UIPCC
==========================================
8.2936	0.7518	36.4614	1.3166	14.2789
8.1649	0.7362	37.0023	1.2339	14.2330
8.4361	0.7637	36.2553	1.2730	14.4740
7.9722	0.7257	35.2928	1.2259	14.2220
8.1567	0.7355	37.9919	1.2204	14.2392
8.2093	0.7445	37.9442	1.2217	14.3438
8.4459	0.7655	35.8360	1.2465	14.7517
8.2459	0.7482	37.6030	1.2111	14.4882
8.2965	0.7464	37.1020	1.2317	14.4794
8.2555	0.7477	36.7822	1.2511	14.1612
8.0448	0.7355	36.7562	1.2826	14.2606
8.2516	0.7424	36.9382	1.2031	14.6430
8.1960	0.7414	38.3483	1.1973	14.4370
8.3462	0.7514	37.0956	1.2410	14.7385
8.2503	0.7475	35.7892	1.2192	14.2698
8.2125	0.7450	35.7120	1.2852	14.6963
8.2288	0.7472	35.6748	1.2652	14.5809
8.2088	0.7393	36.9600	1.2207	14.1094
8.2790	0.7471	37.9575	1.2580	14.4060
8.1444	0.7381	36.0010	1.2633	14.1425


