Metric: | MAE	| NMAE	| RMSE	| MRE	| NPRE	
==========================================
UMEAN
Avg:	1.1471	0.8785	2.2859	1.4117	8.9360
Std:	0.0011	0.0023	0.0074	0.0143	0.0806
==========================================
IMEAN
Avg:	1.1666	0.8934	2.2329	1.3412	7.5168
Std:	0.0012	0.0022	0.0047	0.0084	0.0552
==========================================
UPCC
Avg:	0.7227	0.5535	1.6367	0.5063	3.6707
Std:	0.0033	0.0027	0.0065	0.0056	0.0850
==========================================
IPCC
Avg:	0.8668	0.6638	1.7713	0.7586	5.4484
Std:	0.0036	0.0035	0.0053	0.0037	0.0698
==========================================
UIPCC
Avg:	0.7271	0.5568	1.6359	0.5211	3.9315
Std:	0.0030	0.0024	0.0064	0.0045	0.0676
==========================================


Detailed results for 20 rounds:
==========================================
UMEAN
==========================================
1.1462	0.8792	2.2847	1.4135	8.9433
1.1466	0.8747	2.2981	1.3979	8.8830
1.1482	0.8780	2.2893	1.4077	8.9109
1.1480	0.8766	2.2910	1.4068	8.9308
1.1484	0.8853	2.2770	1.4418	9.1084
1.1450	0.8771	2.2881	1.3899	8.8838
1.1468	0.8798	2.2709	1.4401	9.0660
1.1483	0.8797	2.2797	1.4176	8.9897
1.1468	0.8778	2.2830	1.4134	8.9786
1.1459	0.8777	2.2828	1.4260	8.9870
1.1467	0.8789	2.2839	1.4031	8.9799
1.1465	0.8748	2.2983	1.3882	8.7360
1.1455	0.8770	2.2919	1.3939	8.8195
1.1480	0.8800	2.2946	1.4112	8.8877
1.1481	0.8814	2.2839	1.4181	8.9217
1.1480	0.8809	2.2832	1.4235	8.9782
1.1465	0.8769	2.2899	1.3975	8.8555
1.1462	0.8790	2.2722	1.4220	8.9945
1.1472	0.8770	2.2933	1.4085	8.9272
1.1489	0.8783	2.2827	1.4139	8.9382


IMEAN
==========================================
1.1655	0.8940	2.2318	1.3451	7.4739
1.1649	0.8887	2.2386	1.3326	7.4365
1.1659	0.8916	2.2334	1.3386	7.4805
1.1670	0.8910	2.2380	1.3268	7.4506
1.1663	0.8991	2.2289	1.3549	7.6351
1.1663	0.8934	2.2288	1.3524	7.5820
1.1643	0.8933	2.2272	1.3359	7.5220
1.1681	0.8949	2.2364	1.3465	7.5055
1.1663	0.8927	2.2389	1.3362	7.5003
1.1672	0.8940	2.2347	1.3369	7.4889
1.1669	0.8944	2.2266	1.3367	7.5987
1.1687	0.8917	2.2389	1.3369	7.4120
1.1680	0.8942	2.2345	1.3460	7.5635
1.1686	0.8957	2.2275	1.3472	7.5403
1.1654	0.8947	2.2227	1.3585	7.5598
1.1655	0.8944	2.2304	1.3332	7.5199
1.1659	0.8917	2.2353	1.3487	7.5638
1.1676	0.8954	2.2313	1.3364	7.5368
1.1672	0.8922	2.2384	1.3445	7.4702
1.1654	0.8909	2.2355	1.3300	7.4952


UPCC
==========================================
0.7167	0.5497	1.6356	0.4980	3.5736
0.7200	0.5493	1.6420	0.5036	3.5722
0.7251	0.5545	1.6403	0.5100	3.6800
0.7247	0.5533	1.6502	0.5034	3.6095
0.7203	0.5553	1.6375	0.4954	3.5763
0.7233	0.5540	1.6369	0.5093	3.6922
0.7206	0.5529	1.6267	0.4995	3.5775
0.7235	0.5543	1.6338	0.5109	3.6658
0.7163	0.5483	1.6340	0.5004	3.6013
0.7181	0.5500	1.6327	0.5072	3.6579
0.7225	0.5538	1.6322	0.5078	3.7637
0.7267	0.5545	1.6478	0.5086	3.6239
0.7287	0.5579	1.6483	0.5100	3.7806
0.7252	0.5559	1.6370	0.5068	3.6968
0.7282	0.5590	1.6305	0.5205	3.8744
0.7214	0.5536	1.6418	0.5021	3.6305
0.7209	0.5514	1.6345	0.5041	3.5860
0.7238	0.5550	1.6268	0.5054	3.7198
0.7238	0.5533	1.6307	0.5138	3.8099
0.7238	0.5534	1.6344	0.5082	3.7227


IPCC
==========================================
0.8663	0.6645	1.7695	0.7633	5.4451
0.8566	0.6535	1.7731	0.7528	5.2475
0.8705	0.6657	1.7759	0.7617	5.5226
0.8654	0.6607	1.7734	0.7569	5.3652
0.8698	0.6706	1.7753	0.7642	5.4640
0.8651	0.6626	1.7714	0.7535	5.4348
0.8651	0.6637	1.7607	0.7589	5.4734
0.8697	0.6663	1.7778	0.7589	5.4857
0.8630	0.6605	1.7735	0.7518	5.4052
0.8657	0.6630	1.7706	0.7591	5.4568
0.8739	0.6698	1.7756	0.7604	5.5372
0.8686	0.6627	1.7794	0.7580	5.3718
0.8679	0.6645	1.7787	0.7611	5.3680
0.8713	0.6678	1.7687	0.7626	5.5141
0.8662	0.6650	1.7590	0.7616	5.5604
0.8628	0.6621	1.7671	0.7563	5.4901
0.8649	0.6615	1.7706	0.7531	5.4389
0.8661	0.6641	1.7654	0.7571	5.4701
0.8683	0.6637	1.7719	0.7567	5.4769
0.8688	0.6642	1.7694	0.7633	5.4406


UIPCC
==========================================
0.7220	0.5538	1.6343	0.5154	3.8640
0.7236	0.5520	1.6418	0.5161	3.8329
0.7302	0.5584	1.6399	0.5275	3.9664
0.7286	0.5563	1.6481	0.5161	3.8917
0.7261	0.5597	1.6369	0.5170	3.8611
0.7269	0.5568	1.6359	0.5194	3.9578
0.7252	0.5564	1.6249	0.5175	3.8767
0.7282	0.5579	1.6344	0.5244	3.9428
0.7211	0.5519	1.6340	0.5137	3.8823
0.7235	0.5542	1.6326	0.5262	3.8967
0.7281	0.5580	1.6320	0.5248	4.0421
0.7311	0.5578	1.6470	0.5215	3.8922
0.7320	0.5604	1.6479	0.5205	3.9911
0.7293	0.5590	1.6352	0.5214	3.9375
0.7306	0.5609	1.6279	0.5294	4.0951
0.7256	0.5568	1.6396	0.5179	3.9011
0.7250	0.5545	1.6342	0.5211	3.8564
0.7279	0.5582	1.6267	0.5184	3.9652
0.7283	0.5568	1.6318	0.5268	4.0301
0.7285	0.5569	1.6333	0.5260	3.9472


