Metric: | MAE	| NMAE	| RMSE	| MRE	| NPRE	
==========================================
UMEAN
Avg:	14.3776	1.3228	52.5285	3.8630	24.0019
Std:	0.0356	0.0101	1.2286	0.0490	0.3272
==========================================
IMEAN
Avg:	7.5140	0.6913	41.4479	0.5423	7.7059
Std:	0.0421	0.0037	1.3031	0.0015	0.0412
==========================================
UPCC
Avg:	8.1738	0.7520	37.1079	1.3270	15.4936
Std:	0.0763	0.0092	1.4692	0.0619	0.3413
==========================================
IPCC
Avg:	8.4150	0.7741	40.7444	0.6889	10.4715
Std:	0.1394	0.0113	1.4135	0.0078	0.1901
==========================================
UIPCC
Avg:	7.9703	0.7333	38.3950	1.1988	13.3358
Std:	0.0871	0.0074	1.5471	0.0336	0.1759
==========================================


Detailed results for 20 rounds:
==========================================
UMEAN
==========================================
14.3495	1.3139	54.8177	3.8488	23.9615
14.3342	1.3098	53.5500	3.7989	23.5367
14.3730	1.3203	53.1308	3.8918	24.1266
14.3800	1.3224	51.9063	3.8161	23.9576
14.3844	1.3247	52.9294	3.8568	23.6365
14.3908	1.3282	51.5731	3.9155	24.0107
14.3619	1.3184	52.5918	3.8571	24.0018
14.3820	1.3262	52.0147	3.8606	24.0851
14.3830	1.3184	53.5304	3.8795	23.9070
14.4441	1.3383	52.1042	3.9357	24.4725
14.3544	1.3204	53.2778	3.9018	24.0341
14.3549	1.3107	53.6613	3.7994	23.7301
14.4086	1.3341	49.5787	3.8995	24.3032
14.3621	1.3234	52.0269	3.8453	23.8411
14.4303	1.3355	52.9081	3.9030	24.3299
14.4082	1.3311	50.9389	3.9018	24.5110
14.3430	1.3113	53.1483	3.7781	23.5763
14.4157	1.3384	50.2022	3.9292	24.5330
14.4055	1.3299	53.1867	3.8787	24.1762
14.2861	1.3000	53.4934	3.7626	23.3069


IMEAN
==========================================
7.5010	0.6868	43.9691	0.5415	7.7019
7.5715	0.6918	42.6821	0.5431	7.6953
7.5110	0.6900	42.0267	0.5421	7.7235
7.4739	0.6873	40.6895	0.5452	7.7110
7.4578	0.6868	41.7797	0.5428	7.6664
7.5584	0.6976	40.7115	0.5437	7.7505
7.4982	0.6883	41.1584	0.5408	7.7189
7.5474	0.6959	40.7607	0.5410	7.7908
7.4983	0.6873	42.2922	0.5431	7.7008
7.4861	0.6936	41.2556	0.5442	7.6215
7.5456	0.6941	42.3924	0.5407	7.6387
7.5317	0.6877	42.2905	0.5419	7.7057
7.5125	0.6956	38.6562	0.5412	7.6625
7.5513	0.6958	41.0185	0.5399	7.7126
7.4537	0.6898	42.0507	0.5435	7.6973
7.4855	0.6916	39.5624	0.5417	7.6816
7.6187	0.6965	42.4175	0.5409	7.7493
7.4692	0.6935	38.7193	0.5405	7.7743
7.4688	0.6895	42.2825	0.5449	7.7369
7.5398	0.6861	42.2431	0.5432	7.6775


UPCC
==========================================
8.1126	0.7428	40.0339	1.2901	15.6072
8.1925	0.7486	38.5150	1.3055	15.1838
8.1720	0.7507	37.9804	1.3103	15.7239
8.1349	0.7481	35.9601	1.2528	15.4422
8.1932	0.7545	37.3609	1.3610	15.4612
8.1483	0.7521	36.2274	1.3320	15.1224
8.1614	0.7492	36.5612	1.2925	15.4980
8.2354	0.7594	36.1972	1.3745	15.7902
8.1221	0.7445	38.5329	1.2706	15.1242
8.1353	0.7538	36.8395	1.3190	15.4639
8.0221	0.7379	37.5785	1.2636	15.3615
8.1585	0.7449	37.9940	1.3315	15.5344
8.3555	0.7736	34.5228	1.4384	15.9723
8.1935	0.7550	37.1574	1.3029	15.1940
8.0936	0.7490	37.8646	1.2253	15.3696
8.1940	0.7570	34.6692	1.3589	15.7491
8.0675	0.7376	37.8918	1.2736	14.8094
8.3100	0.7715	34.0291	1.4838	16.3312
8.2517	0.7618	37.8738	1.3881	15.8847
8.2221	0.7482	38.3687	1.3660	15.2486


IPCC
==========================================
8.3790	0.7672	43.2920	0.6969	10.6045
8.7135	0.7962	42.5744	0.6917	10.7624
8.5084	0.7816	41.5918	0.6996	10.6225
8.2886	0.7622	39.5748	0.6854	10.4509
8.3568	0.7696	41.1931	0.6795	10.3950
8.4071	0.7759	39.3601	0.6810	10.4883
8.5380	0.7837	40.6575	0.6937	10.5771
8.2807	0.7636	40.2296	0.6791	10.1384
8.2525	0.7564	41.6681	0.6904	10.2457
8.2802	0.7672	40.5101	0.6868	10.1953
8.3049	0.7639	41.6075	0.6844	10.2539
8.5015	0.7762	41.5005	0.6915	10.5023
8.5644	0.7930	38.6542	0.6934	10.5512
8.4734	0.7808	40.1230	0.6813	10.4426
8.3292	0.7708	41.3590	0.6813	10.4041
8.4428	0.7800	38.5357	0.6990	10.5665
8.6415	0.7900	42.0445	0.7035	10.7882
8.3161	0.7721	37.4856	0.6856	10.3849
8.1709	0.7543	41.2840	0.6760	10.2468
8.5502	0.7780	41.6416	0.6976	10.8100


UIPCC
==========================================
7.9218	0.7253	41.2996	1.1842	13.5542
8.1613	0.7457	40.0103	1.1962	13.4446
8.0292	0.7376	39.3212	1.2203	13.4903
7.8739	0.7241	37.2033	1.1713	13.2782
7.9472	0.7319	38.8653	1.2092	13.3549
7.9583	0.7345	37.1361	1.1723	13.1556
8.0349	0.7376	38.0377	1.1990	13.5138
7.9208	0.7304	37.7137	1.2019	13.2895
7.8663	0.7210	39.6616	1.1678	12.9673
7.8767	0.7298	38.1695	1.1903	13.1527
7.8558	0.7226	39.2513	1.1605	13.0967
8.0128	0.7316	39.3107	1.1825	13.3028
8.1094	0.7509	35.6303	1.2634	13.6568
8.0072	0.7378	37.9633	1.1780	13.1548
7.8847	0.7297	39.0903	1.1405	13.2868
7.9932	0.7385	35.9577	1.2234	13.4484
8.0687	0.7377	39.5694	1.1800	13.1867
7.9610	0.7391	35.0143	1.2801	13.5126
7.8614	0.7257	39.1892	1.2138	13.3520
8.0612	0.7335	39.5045	1.2412	13.5174


