Metric: | MAE	| NMAE	| RMSE	| MRE	| NPRE	
==========================================
UMEAN
Avg:	14.9225	1.3319	51.7305	3.8386	25.0190
Std:	0.1713	0.0183	0.4009	0.0816	0.6247
==========================================
IMEAN
Avg:	8.1288	0.7255	41.2062	0.5583	6.8222
Std:	0.0900	0.0085	0.8825	0.0023	0.0793
==========================================
UPCC
Avg:	10.0535	0.8973	40.5254	1.8001	16.5574
Std:	0.2038	0.0197	0.9430	0.0901	0.5882
==========================================
IPCC
Avg:	9.6777	0.8638	42.3368	0.7655	10.5987
Std:	0.2144	0.0209	0.9191	0.0075	0.2316
==========================================
UIPCC
Avg:	9.5508	0.8525	41.0790	1.4458	14.1316
Std:	0.1882	0.0185	0.8539	0.0509	0.3672
==========================================


Detailed results for 20 rounds:
==========================================
UMEAN
==========================================
14.9379	1.3326	52.0738	3.9264	25.0352
15.3028	1.3746	50.5688	4.0582	26.5877
14.8489	1.3254	51.5729	3.8048	24.6588
15.1393	1.3556	51.3325	3.9075	25.6224
14.9003	1.3294	51.9643	3.8650	25.1928
15.0916	1.3490	51.4294	3.8327	25.4655
15.0184	1.3422	51.8590	3.8793	25.0263
15.0770	1.3474	51.2633	3.8168	25.1823
14.6497	1.3035	52.3215	3.7781	23.7183
14.6393	1.3022	52.0590	3.6836	23.7159
14.8085	1.3201	51.7041	3.8400	25.1533
14.7280	1.3114	52.1886	3.6978	24.7997
14.8538	1.3237	51.5828	3.8529	25.5359
14.9205	1.3314	52.1332	3.8510	24.6023
14.6516	1.3028	51.8503	3.7752	25.2102
15.0609	1.3468	51.7287	3.9445	25.2505
14.9378	1.3332	51.4561	3.8179	25.1434
15.0466	1.3428	51.9981	3.8041	24.3282
14.9854	1.3392	52.0522	3.8569	25.3075
14.8527	1.3247	51.4718	3.7793	24.8436


IMEAN
==========================================
8.0628	0.7193	40.7489	0.5586	6.6191
8.0706	0.7249	39.9340	0.5567	6.7773
8.2134	0.7331	43.5856	0.5565	6.8318
8.1299	0.7280	40.6444	0.5609	6.9783
8.1684	0.7288	41.4137	0.5593	6.8505
8.2237	0.7351	41.2460	0.5568	6.8577
8.2830	0.7402	41.6563	0.5636	6.9535
8.1471	0.7281	41.5370	0.5546	6.8335
8.0230	0.7139	40.8803	0.5578	6.8356
8.1004	0.7205	41.1411	0.5567	6.7932
8.0274	0.7156	41.1613	0.5569	6.8858
8.1402	0.7248	40.9617	0.5578	6.8182
8.1225	0.7238	41.6015	0.5587	6.8923
8.0653	0.7197	40.7016	0.5606	6.8581
8.0295	0.7140	40.4838	0.5552	6.7891
8.1657	0.7302	41.4962	0.5594	6.8081
8.1772	0.7298	40.3794	0.5622	6.7583
7.9827	0.7124	40.5527	0.5551	6.6862
8.0916	0.7231	40.6105	0.5581	6.8481
8.3514	0.7448	43.3876	0.5606	6.7703


UPCC
==========================================
10.0156	0.8935	40.0558	1.7929	16.2315
10.2866	0.9240	39.1282	1.9844	17.9071
10.0251	0.8948	43.4855	1.8252	15.9029
10.3143	0.9235	39.8859	1.9448	17.2096
10.1135	0.9023	40.6132	1.7265	16.9189
10.2690	0.9179	40.4884	1.8796	16.7892
10.4082	0.9302	41.1600	1.9226	17.0357
10.2874	0.9194	40.7519	1.8449	17.0186
9.6083	0.8549	40.0780	1.7300	15.4286
9.8533	0.8765	40.4739	1.7057	15.6642
9.7652	0.8705	40.3334	1.7067	16.4630
10.0385	0.8938	40.2756	1.6930	16.6479
9.9639	0.8879	41.0256	1.7740	16.7479
9.8323	0.8773	40.0154	1.8244	15.7018
9.8085	0.8722	39.8881	1.6533	17.1885
10.0187	0.8959	40.8672	1.7953	16.4422
10.0891	0.9005	39.7836	1.7130	16.6356
10.0248	0.8946	39.8245	1.8162	16.0714
10.1252	0.9048	40.0196	1.9084	16.5863
10.2220	0.9117	42.3547	1.7613	16.5574


IPCC
==========================================
9.7276	0.8678	41.8770	0.7603	10.6660
10.1731	0.9138	43.1317	0.7690	10.9388
9.7381	0.8692	44.3201	0.7766	10.7642
9.8875	0.8853	42.2950	0.7744	10.9151
9.7541	0.8702	42.5026	0.7675	10.6837
10.0448	0.8979	43.3656	0.7754	11.0843
9.7606	0.8723	42.3101	0.7734	10.6929
9.8555	0.8808	42.9299	0.7577	10.6168
9.3133	0.8287	41.2130	0.7740	10.4504
9.3631	0.8329	41.6806	0.7574	10.2415
9.4820	0.8453	42.3063	0.7569	10.4045
9.4024	0.8372	41.4439	0.7544	10.1552
9.6088	0.8563	42.4638	0.7613	10.7096
9.4972	0.8474	41.2145	0.7704	10.7425
9.5967	0.8533	41.8320	0.7703	10.6266
9.7306	0.8701	42.8734	0.7730	10.4683
9.8268	0.8771	41.9743	0.7563	10.4860
9.5237	0.8499	41.2305	0.7652	10.5500
9.5973	0.8577	41.4015	0.7553	10.5213
9.6704	0.8625	44.3708	0.7622	10.2565


UIPCC
==========================================
9.5640	0.8532	40.6299	1.4255	14.1828
9.9149	0.8906	40.4824	1.5487	15.1313
9.5805	0.8551	43.5561	1.4687	13.8622
9.7667	0.8745	40.6235	1.5384	14.6404
9.6196	0.8582	41.2322	1.4292	14.3434
9.8431	0.8799	41.4246	1.5094	14.4064
9.7386	0.8703	41.3994	1.5211	14.3672
9.7354	0.8700	41.4460	1.4751	14.2286
9.1835	0.8171	40.4599	1.4015	13.5378
9.2961	0.8269	40.8467	1.3952	13.4629
9.3245	0.8312	40.9957	1.3899	14.0830
9.3930	0.8363	40.6115	1.3753	13.9807
9.4808	0.8449	41.4087	1.4138	14.2428
9.3565	0.8349	40.3562	1.4461	13.8132
9.4086	0.8366	40.4923	1.3881	14.4180
9.5726	0.8560	41.5129	1.4419	13.9175
9.6566	0.8619	40.4256	1.3986	14.0752
9.4362	0.8421	40.2484	1.4611	13.9081
9.5256	0.8513	40.3813	1.4701	14.1395
9.6188	0.8579	43.0467	1.4178	13.8910


