Metric: | MAE	| NMAE	| RMSE	| MRE	| NPRE	
==========================================
UMEAN
Avg:	14.5492	1.3285	52.4766	3.9275	24.6977
Std:	0.0415	0.0116	1.1014	0.0438	0.3669
==========================================
IMEAN
Avg:	7.5875	0.6928	41.0358	0.5496	7.0296
Std:	0.0429	0.0047	1.0237	0.0024	0.0492
==========================================
UPCC
Avg:	8.2987	0.7578	36.6710	1.3963	15.6587
Std:	0.0895	0.0109	1.2053	0.0566	0.2754
==========================================
IPCC
Avg:	8.4755	0.7739	40.3042	0.6920	10.0254
Std:	0.1176	0.0101	1.1716	0.0065	0.1583
==========================================
UIPCC
Avg:	8.0585	0.7358	37.9812	1.2164	13.5719
Std:	0.0861	0.0085	1.2558	0.0276	0.1320
==========================================


Detailed results for 20 rounds:
==========================================
UMEAN
==========================================
14.5110	1.3193	52.5945	3.8633	24.0366
14.5515	1.3342	52.7208	3.9491	24.7338
14.5229	1.3185	52.3230	3.8890	24.6115
14.5611	1.3301	51.8018	3.9559	24.6117
14.4997	1.3121	53.1697	3.8818	24.4423
14.5841	1.3380	50.9123	3.9408	24.8723
14.5095	1.3136	53.5838	3.9113	24.1343
14.5006	1.3172	52.7120	3.8689	24.0990
14.4723	1.3101	53.8205	3.8860	24.5097
14.5981	1.3386	51.6330	3.9393	25.0619
14.5378	1.3262	53.8515	3.9407	24.5957
14.5357	1.3250	51.5978	3.9181	24.5017
14.6100	1.3452	50.3238	4.0377	25.4368
14.6187	1.3546	50.4324	3.9932	25.4034
14.5673	1.3296	51.7536	3.8709	24.7246
14.5761	1.3321	53.2875	3.9456	24.8951
14.5007	1.3199	54.0663	3.8973	24.6326
14.5947	1.3429	52.6601	3.9602	24.9341
14.5915	1.3350	52.4822	3.9382	24.6916
14.5403	1.3273	53.8063	3.9633	25.0252


IMEAN
==========================================
7.6381	0.6944	40.9817	0.5492	7.0722
7.5268	0.6901	41.1611	0.5509	7.0410
7.5974	0.6897	40.7012	0.5463	6.9784
7.5143	0.6864	40.4253	0.5487	6.9626
7.5913	0.6869	41.5514	0.5450	7.0062
7.6453	0.7014	40.0098	0.5499	7.0414
7.6309	0.6909	42.1930	0.5483	7.0359
7.6515	0.6951	41.2285	0.5474	7.0774
7.5863	0.6867	42.2976	0.5552	7.0798
7.5211	0.6897	40.1005	0.5481	6.9235
7.5890	0.6923	42.3806	0.5511	7.0325
7.5848	0.6914	40.0419	0.5464	7.0183
7.5301	0.6933	39.0262	0.5521	6.9985
7.6223	0.7063	39.5178	0.5496	7.0730
7.6262	0.6960	40.2018	0.5490	6.9737
7.5556	0.6905	41.7108	0.5531	7.0184
7.6071	0.6924	42.7879	0.5485	7.0342
7.5372	0.6935	41.1470	0.5497	7.0628
7.5732	0.6929	40.8419	0.5511	7.1518
7.6214	0.6957	42.4091	0.5518	7.0113


UPCC
==========================================
8.3307	0.7574	36.9580	1.3860	15.5137
8.2168	0.7534	36.7947	1.4471	15.7093
8.4435	0.7666	36.3368	1.3960	16.0751
8.2300	0.7518	35.6817	1.3866	15.5968
8.2048	0.7425	36.9713	1.3003	15.4224
8.4342	0.7738	35.2462	1.4789	16.1180
8.2578	0.7476	38.0214	1.4107	15.3894
8.3114	0.7550	37.1997	1.3400	15.5808
8.1414	0.7370	38.1051	1.3163	15.1408
8.3875	0.7691	35.5605	1.4398	15.9201
8.2671	0.7541	38.1878	1.3759	15.6405
8.1864	0.7463	35.6386	1.3087	15.2583
8.2540	0.7600	34.3731	1.3474	16.1126
8.4359	0.7817	35.0281	1.5050	15.8749
8.3400	0.7612	35.4429	1.3586	15.5487
8.1666	0.7463	37.3517	1.4015	15.2818
8.3310	0.7583	38.7604	1.4207	15.6806
8.3822	0.7713	37.1049	1.4677	15.8965
8.3585	0.7648	36.4287	1.4587	15.6551
8.2936	0.7571	38.2275	1.3795	15.7587


IPCC
==========================================
8.6465	0.7861	40.5120	0.6889	10.0776
8.2832	0.7595	40.2490	0.6856	9.7333
8.5305	0.7745	40.0215	0.6960	10.1568
8.3465	0.7624	38.9940	0.6875	9.8458
8.5527	0.7739	41.0638	0.6921	10.0392
8.4216	0.7726	38.9150	0.6820	9.7178
8.4810	0.7678	41.5565	0.7002	10.1094
8.7727	0.7969	40.9462	0.7056	10.2557
8.4155	0.7618	41.5154	0.6987	10.2373
8.4482	0.7747	39.3122	0.6940	10.0573
8.4708	0.7727	41.8521	0.6852	9.9551
8.4362	0.7690	39.0810	0.6929	10.0420
8.3507	0.7689	37.5675	0.6985	10.0517
8.4845	0.7862	39.2550	0.6788	9.9105
8.6518	0.7897	39.5913	0.6898	10.0502
8.3019	0.7587	40.9859	0.6926	9.8660
8.4888	0.7727	42.1235	0.6911	9.9769
8.4846	0.7807	40.7147	0.6885	10.1554
8.5430	0.7816	40.2075	0.7007	10.3276
8.3995	0.7667	41.6198	0.6918	9.9422


UIPCC
==========================================
8.1590	0.7418	38.1073	1.1955	13.5634
7.9030	0.7246	37.9974	1.2311	13.4196
8.1412	0.7391	37.6639	1.2210	13.8212
7.9544	0.7266	36.8221	1.2165	13.5148
8.0724	0.7305	38.5709	1.1807	13.5235
8.0873	0.7419	36.5319	1.2378	13.6361
8.0471	0.7286	39.3955	1.2035	13.4513
8.2378	0.7483	38.3291	1.2269	13.6377
7.9694	0.7214	39.4313	1.1664	13.3804
8.0698	0.7400	36.8632	1.2668	13.7707
8.0543	0.7347	39.5962	1.2025	13.5197
7.9985	0.7291	36.7830	1.1694	13.4007
7.9589	0.7328	35.3111	1.2200	13.6337
8.1052	0.7511	36.5697	1.2545	13.6322
8.1684	0.7455	36.9052	1.2033	13.6017
7.9183	0.7236	38.7850	1.1938	13.3605
8.0902	0.7364	40.0814	1.2288	13.4795
8.0939	0.7448	38.4437	1.2565	13.6992
8.1209	0.7430	37.8585	1.2488	13.7908
8.0206	0.7321	39.5769	1.2052	13.6004


