Metric: | MAE	| NMAE	| RMSE	| MRE	| NPRE	
==========================================
UMEAN
Avg:	14.5645	1.3308	52.6081	3.9185	24.7924
Std:	0.0712	0.0130	1.0070	0.0506	0.4052
==========================================
IMEAN
Avg:	7.6563	0.6996	41.3838	0.5506	7.0269
Std:	0.0370	0.0048	0.8844	0.0025	0.0544
==========================================
UPCC
Avg:	8.7412	0.7987	38.3230	1.5154	15.8752
Std:	0.1324	0.0149	1.0308	0.0699	0.3073
==========================================
IPCC
Avg:	9.0860	0.8302	41.8129	0.7538	10.9918
Std:	0.1051	0.0108	0.7852	0.0056	0.1374
==========================================
UIPCC
Avg:	8.6335	0.7889	39.6438	1.3416	14.2475
Std:	0.0926	0.0105	0.9690	0.0351	0.1597
==========================================


Detailed results for 20 rounds:
==========================================
UMEAN
==========================================
14.5439	1.3283	52.0095	3.8426	24.1905
14.5628	1.3321	52.7791	3.9289	24.6704
14.5458	1.3247	51.9213	3.9086	24.8355
14.5249	1.3233	52.9065	3.8863	24.4002
14.4921	1.3164	53.7339	3.8626	24.4598
14.6590	1.3478	50.5851	3.9659	25.1678
14.4930	1.3151	53.9637	3.8369	24.1983
14.4777	1.3156	53.6510	3.8383	24.1008
14.4829	1.3181	53.1243	3.9323	24.8095
14.6566	1.3477	52.2614	3.9909	25.4732
14.5559	1.3290	53.6090	3.9495	24.7021
14.5770	1.3338	51.2614	3.9428	24.5141
14.6004	1.3371	52.0032	4.0102	25.2587
14.7314	1.3623	50.8895	3.9866	25.5928
14.6132	1.3379	51.7323	3.9048	25.0195
14.5733	1.3301	52.6268	3.9404	25.0360
14.4565	1.3137	53.8713	3.8584	24.6476
14.6512	1.3484	52.2592	3.9558	25.1382
14.5977	1.3352	52.9866	3.9079	24.7522
14.4948	1.3195	53.9862	3.9207	24.8799


IMEAN
==========================================
7.6751	0.7010	40.8572	0.5485	7.0579
7.5740	0.6928	41.1824	0.5513	7.0011
7.6528	0.6969	40.3862	0.5449	6.9090
7.6390	0.6960	41.6442	0.5499	7.0390
7.6317	0.6932	42.3699	0.5475	7.0087
7.7110	0.7090	40.1639	0.5510	7.0696
7.6958	0.6983	42.7433	0.5492	7.0340
7.7092	0.7006	42.1448	0.5507	7.0675
7.6242	0.6939	41.7869	0.5557	7.1330
7.6461	0.7031	41.2614	0.5510	6.9581
7.6431	0.6979	42.1707	0.5522	7.0600
7.6673	0.7016	40.0843	0.5497	6.9503
7.6325	0.6990	40.8839	0.5527	7.0117
7.7156	0.7135	40.2111	0.5513	7.0102
7.6466	0.7001	40.3099	0.5466	6.9679
7.6312	0.6965	41.2738	0.5534	7.0073
7.6677	0.6968	42.8491	0.5515	7.0381
7.5947	0.6990	40.9792	0.5499	7.0451
7.6719	0.7017	41.6885	0.5519	7.1358
7.6966	0.7006	42.6863	0.5540	7.0340


UPCC
==========================================
8.7639	0.8004	38.0694	1.5279	15.6176
8.7100	0.7967	38.1852	1.5508	15.9643
8.8210	0.8033	37.0267	1.5376	16.0492
8.6584	0.7888	38.3746	1.4679	15.4303
8.6254	0.7835	39.3123	1.4603	15.5437
9.0061	0.8280	36.8397	1.6513	16.4879
8.6710	0.7868	39.9286	1.4699	15.4221
8.7888	0.7987	39.3369	1.5336	15.7365
8.4556	0.7695	38.7098	1.3458	15.7265
8.8629	0.8150	38.1270	1.5994	16.0845
8.7157	0.7958	39.0953	1.4917	16.0077
8.5481	0.7822	36.7797	1.4721	15.4222
8.6805	0.7950	37.7008	1.4797	16.0170
8.9258	0.8254	37.0919	1.6284	16.3181
8.8361	0.8090	37.0048	1.5105	15.9393
8.5812	0.7832	38.1296	1.5034	15.7333
8.7246	0.7928	40.0148	1.4283	15.8843
8.9079	0.8198	37.9558	1.6086	16.4591
8.8354	0.8082	38.8460	1.5402	15.8602
8.7053	0.7924	39.9310	1.5012	15.8009


IPCC
==========================================
9.1984	0.8401	41.4626	0.7532	10.9410
9.0780	0.8304	41.5316	0.7601	11.2043
9.0357	0.8229	40.7513	0.7519	10.8186
9.0508	0.8246	42.0776	0.7564	10.8260
9.0952	0.8261	42.7738	0.7486	11.1140
9.1264	0.8391	40.7539	0.7452	10.7501
9.0876	0.8246	42.8720	0.7573	11.1009
9.2591	0.8414	42.9220	0.7610	11.1219
8.8821	0.8083	41.9351	0.7564	11.0737
9.0764	0.8346	41.7999	0.7568	10.9903
9.1217	0.8329	42.6131	0.7501	11.0003
9.1285	0.8353	40.5277	0.7639	11.1042
9.0228	0.8263	41.1717	0.7570	11.0632
9.1102	0.8425	40.9384	0.7393	10.7824
9.3483	0.8559	41.1629	0.7555	11.1497
8.9166	0.8138	41.7030	0.7549	10.7867
8.9830	0.8163	42.9425	0.7570	10.9535
8.9831	0.8267	41.4612	0.7475	10.8745
9.1525	0.8372	41.9497	0.7521	11.1024
9.0640	0.8251	42.9082	0.7519	11.0774


UIPCC
==========================================
8.7017	0.7947	39.2144	1.3378	14.0157
8.6108	0.7877	39.4111	1.3766	14.4044
8.6328	0.7862	38.4398	1.3511	14.2370
8.5849	0.7821	39.9038	1.3258	13.9648
8.5946	0.7807	40.6746	1.3042	14.1528
8.7583	0.8052	38.2925	1.3946	14.4613
8.6166	0.7819	41.1003	1.3088	14.1754
8.7537	0.7955	40.6632	1.3565	14.2216
8.4064	0.7651	39.9633	1.2527	14.1328
8.6687	0.7971	39.5513	1.3953	14.4533
8.6513	0.7899	40.4985	1.3312	14.3848
8.5785	0.7849	38.1158	1.3258	14.0432
8.5692	0.7848	38.9747	1.3267	14.2897
8.7073	0.8052	38.5190	1.3753	14.2681
8.8181	0.8073	38.5055	1.3577	14.4708
8.4810	0.7741	39.5144	1.3152	14.0736
8.5793	0.7796	41.1947	1.3150	14.0666
8.6313	0.7944	39.2937	1.3981	14.3415
8.7098	0.7967	39.9308	1.3524	14.4563
8.6161	0.7843	41.1151	1.3307	14.3357


