Metric: | MAE	| NMAE	| RMSE	| MRE	| NPRE	
==========================================
UMEAN
Avg:	14.5812	1.3290	53.3262	3.9222	24.5631
Std:	0.0529	0.0100	1.1613	0.0447	0.3489
==========================================
IMEAN
Avg:	7.7760	0.7088	42.7343	0.5537	7.4308
Std:	0.0408	0.0042	1.0883	0.0015	0.0337
==========================================
UPCC
Avg:	8.8361	0.8054	39.7932	1.5459	16.0764
Std:	0.1350	0.0145	1.1071	0.0917	0.3963
==========================================
IPCC
Avg:	9.2470	0.8428	43.1870	0.7548	11.2329
Std:	0.1034	0.0087	0.9382	0.0059	0.1426
==========================================
UIPCC
Avg:	8.7600	0.7984	41.0421	1.3473	14.2218
Std:	0.0817	0.0083	1.0941	0.0442	0.1954
==========================================


Detailed results for 20 rounds:
==========================================
UMEAN
==========================================
14.5721	1.3266	53.5666	3.9125	24.5518
14.5143	1.3168	53.9566	3.9031	24.2428
14.5470	1.3249	53.8691	3.9442	24.5171
14.5013	1.3155	53.9951	3.8968	24.1228
14.5338	1.3186	54.1878	3.8857	24.4311
14.5243	1.3169	54.1337	3.8595	24.2949
14.5819	1.3275	53.7802	3.9136	24.4803
14.6119	1.3365	54.3369	3.9606	24.7626
14.5901	1.3291	50.9709	3.9000	24.4786
14.5655	1.3290	54.1247	3.9597	24.5819
14.6748	1.3448	51.3843	3.9720	25.2664
14.6476	1.3423	52.3540	3.9736	25.0216
14.5142	1.3158	53.8330	3.8201	23.9990
14.5781	1.3300	54.1305	3.9073	24.3506
14.6013	1.3309	54.3714	3.9070	24.7004
14.6646	1.3440	51.2509	3.9959	25.1312
14.6579	1.3417	51.6489	3.9210	24.7212
14.5854	1.3313	54.1684	3.9223	24.5810
14.6340	1.3419	52.1340	4.0052	25.0391
14.5238	1.3164	54.3280	3.8846	23.9881


IMEAN
==========================================
7.8685	0.7163	43.1431	0.5531	7.4584
7.7353	0.7018	43.0941	0.5565	7.4934
7.8118	0.7115	43.3433	0.5552	7.4687
7.7477	0.7029	43.0386	0.5570	7.4267
7.7381	0.7021	43.3801	0.5539	7.4112
7.7638	0.7039	43.2248	0.5544	7.4142
7.7363	0.7043	42.9059	0.5541	7.4147
7.7215	0.7063	43.8362	0.5519	7.3989
7.8018	0.7107	40.6102	0.5520	7.3947
7.8233	0.7138	43.5599	0.5553	7.4571
7.7311	0.7085	40.6608	0.5513	7.4311
7.7751	0.7125	42.2928	0.5524	7.4073
7.7979	0.7069	42.9000	0.5516	7.4347
7.7807	0.7099	43.5502	0.5520	7.3857
7.7854	0.7097	43.7766	0.5536	7.4025
7.7501	0.7103	40.4801	0.5541	7.4907
7.7626	0.7105	41.1472	0.5544	7.3770
7.7361	0.7061	43.4045	0.5532	7.4722
7.7974	0.7150	42.4164	0.5538	7.4605
7.8561	0.7121	43.9205	0.5549	7.4169


UPCC
==========================================
9.0372	0.8227	40.3846	1.6763	16.7178
8.7524	0.7941	40.2631	1.4712	15.7480
8.7245	0.7946	40.3471	1.5451	15.7655
8.7014	0.7894	40.1538	1.5593	15.8120
8.7199	0.7911	40.7441	1.4900	16.0340
8.8038	0.7982	40.1372	1.4842	16.0765
8.7828	0.7995	39.7900	1.5673	16.0381
8.7916	0.8042	40.9362	1.6015	16.0331
8.8796	0.8089	37.8877	1.3639	16.1346
8.8658	0.8089	40.5562	1.5648	16.2949
9.0432	0.8287	37.2558	1.7522	16.5772
8.8828	0.8140	39.3396	1.5943	16.3696
8.6119	0.7807	39.2957	1.4596	15.2205
8.7634	0.7995	40.3884	1.5029	15.9220
8.8737	0.8089	40.6303	1.5560	16.1496
8.8605	0.8121	37.4814	1.5264	16.2119
9.1680	0.8392	38.6989	1.7349	16.8919
8.6772	0.7920	40.3699	1.4626	15.5986
8.9914	0.8245	39.9554	1.4891	16.3934
8.7918	0.7969	41.2475	1.5157	15.5391


IPCC
==========================================
9.3617	0.8523	43.5115	0.7572	11.3745
9.1999	0.8347	43.3483	0.7609	11.4133
9.2937	0.8465	44.0353	0.7499	11.1049
9.1695	0.8318	43.6741	0.7636	11.1636
9.3652	0.8497	43.9010	0.7603	11.4845
9.3717	0.8497	44.0277	0.7517	11.3202
9.2246	0.8398	43.4607	0.7581	11.2536
9.0273	0.8257	43.8334	0.7451	10.9824
9.4521	0.8610	41.5887	0.7574	11.3094
9.2612	0.8450	43.7000	0.7600	11.3710
9.1104	0.8349	41.2756	0.7464	10.9656
9.2610	0.8487	42.6302	0.7579	11.3072
9.2775	0.8411	43.6997	0.7492	11.0815
9.1220	0.8323	43.4557	0.7554	11.0670
9.2061	0.8392	43.8963	0.7575	11.2271
9.2978	0.8522	41.3039	0.7477	11.3435
9.2241	0.8443	41.6835	0.7526	11.1809
9.1092	0.8315	43.6658	0.7444	11.0969
9.2558	0.8488	42.8434	0.7567	11.2700
9.3492	0.8474	44.2044	0.7644	11.3404


UIPCC
==========================================
8.8993	0.8102	41.4955	1.4120	14.5370
8.7008	0.7894	41.3679	1.3153	14.1709
8.7458	0.7966	41.8205	1.3088	14.1215
8.6773	0.7872	41.5361	1.3484	13.9980
8.7943	0.7979	41.8923	1.3276	14.3576
8.8159	0.7993	41.6439	1.3238	14.3488
8.7270	0.7945	41.1897	1.3549	14.3087
8.6020	0.7868	42.0334	1.3585	14.0493
8.8893	0.8098	38.9163	1.2818	14.2179
8.7802	0.8011	41.7810	1.3690	14.3994
8.7621	0.8030	38.8066	1.4289	14.4588
8.7781	0.8044	40.5421	1.3721	14.3357
8.6812	0.7870	41.0665	1.2974	13.7395
8.6636	0.7904	41.5865	1.3300	13.9890
8.7572	0.7982	41.9463	1.3509	14.2817
8.7986	0.8064	38.7814	1.3279	14.3071
8.8644	0.8114	39.5987	1.4601	14.4495
8.6185	0.7867	41.6279	1.2907	13.9885
8.8329	0.8100	40.8657	1.3487	14.2958
8.8113	0.7987	42.3436	1.3383	14.0806


