Metric: | MAE	| NMAE	| RMSE	| MRE	| NPRE	
==========================================
UMEAN
Avg:	1.2058	0.9033	2.3524	1.5124	9.3381
Std:	0.0039	0.0037	0.0035	0.0218	0.1055
==========================================
IMEAN
Avg:	1.1718	0.8778	2.2652	1.0375	7.3737
Std:	0.0042	0.0039	0.0047	0.0143	0.1098
==========================================
UPCC
Avg:	0.8230	0.6165	1.7566	0.6175	5.0526
Std:	0.0042	0.0033	0.0054	0.0088	0.0953
==========================================
IPCC
Avg:	0.9390	0.7034	1.8621	0.7767	5.7411
Std:	0.0039	0.0036	0.0054	0.0053	0.0819
==========================================
UIPCC
Avg:	0.8243	0.6175	1.7565	0.6150	5.0829
Std:	0.0037	0.0031	0.0052	0.0079	0.0910
==========================================


Detailed results for 20 rounds:
==========================================
UMEAN
==========================================
1.2107	0.9086	2.3464	1.5379	9.4716
1.2049	0.9022	2.3527	1.5165	9.3124
1.1997	0.8962	2.3577	1.4690	9.1952
1.2064	0.9025	2.3570	1.5050	9.3578
1.2052	0.9011	2.3568	1.5004	9.3893
1.2081	0.9063	2.3477	1.5215	9.4703
1.2054	0.9027	2.3549	1.5176	9.3343
1.2064	0.9030	2.3522	1.5014	9.3164
1.2016	0.9008	2.3485	1.5084	9.2812
1.2010	0.9001	2.3525	1.4807	9.1731
1.2052	0.9035	2.3490	1.5274	9.3832
1.2158	0.9122	2.3483	1.5580	9.5622
1.2086	0.9057	2.3531	1.5052	9.2890
1.2088	0.9060	2.3490	1.5532	9.4280
1.2042	0.9013	2.3553	1.4975	9.1892
1.2040	0.9018	2.3552	1.5130	9.3393
1.2015	0.8998	2.3555	1.5002	9.2353
1.2051	0.9039	2.3517	1.5160	9.3209
1.2121	0.9086	2.3485	1.5327	9.4907
1.2021	0.8990	2.3552	1.4862	9.2232


IMEAN
==========================================
1.1748	0.8817	2.2640	1.0524	7.4198
1.1708	0.8767	2.2588	1.0393	7.4115
1.1649	0.8702	2.2621	1.0124	7.2583
1.1716	0.8765	2.2687	1.0382	7.2674
1.1656	0.8714	2.2696	1.0103	7.1720
1.1807	0.8858	2.2651	1.0582	7.5884
1.1693	0.8757	2.2597	1.0329	7.3213
1.1682	0.8744	2.2637	1.0195	7.3358
1.1717	0.8784	2.2668	1.0332	7.2542
1.1748	0.8804	2.2619	1.0603	7.4737
1.1712	0.8780	2.2772	1.0379	7.3106
1.1680	0.8763	2.2675	1.0288	7.3032
1.1796	0.8840	2.2636	1.0412	7.4699
1.1754	0.8809	2.2709	1.0299	7.4287
1.1717	0.8770	2.2619	1.0583	7.4840
1.1748	0.8799	2.2719	1.0437	7.4456
1.1702	0.8764	2.2650	1.0182	7.3553
1.1765	0.8825	2.2589	1.0496	7.5277
1.1697	0.8768	2.2657	1.0432	7.4462
1.1666	0.8725	2.2603	1.0415	7.2009


UPCC
==========================================
0.8249	0.6190	1.7513	0.6241	5.1063
0.8231	0.6163	1.7528	0.6111	5.0268
0.8210	0.6133	1.7466	0.6271	4.9806
0.8227	0.6155	1.7626	0.6117	5.0008
0.8264	0.6178	1.7649	0.6192	5.0501
0.8262	0.6198	1.7548	0.6329	5.0787
0.8202	0.6142	1.7465	0.6143	5.0751
0.8239	0.6167	1.7586	0.6200	5.0404
0.8210	0.6155	1.7610	0.6074	4.9345
0.8238	0.6174	1.7504	0.6162	4.9848
0.8157	0.6115	1.7618	0.6087	5.0096
0.8247	0.6188	1.7600	0.6226	5.2162
0.8325	0.6239	1.7573	0.6328	5.1487
0.8230	0.6168	1.7640	0.6123	5.1116
0.8266	0.6187	1.7591	0.6198	5.1642
0.8159	0.6111	1.7631	0.5999	4.9321
0.8157	0.6109	1.7563	0.6062	4.8549
0.8254	0.6191	1.7526	0.6249	5.1463
0.8274	0.6202	1.7536	0.6267	5.2192
0.8194	0.6128	1.7544	0.6112	4.9717


IPCC
==========================================
0.9411	0.7062	1.8574	0.7841	5.7455
0.9385	0.7027	1.8551	0.7808	5.7691
0.9343	0.6979	1.8563	0.7719	5.6687
0.9359	0.7002	1.8669	0.7746	5.6886
0.9352	0.6992	1.8683	0.7638	5.6591
0.9461	0.7098	1.8608	0.7848	5.8921
0.9371	0.7018	1.8538	0.7766	5.6916
0.9377	0.7018	1.8613	0.7739	5.7216
0.9402	0.7048	1.8626	0.7822	5.7279
0.9443	0.7077	1.8683	0.7797	5.7678
0.9401	0.7048	1.8747	0.7766	5.7272
0.9409	0.7059	1.8639	0.7800	5.7495
0.9439	0.7073	1.8630	0.7797	5.7767
0.9403	0.7048	1.8668	0.7789	5.7231
0.9389	0.7028	1.8609	0.7761	5.8074
0.9405	0.7044	1.8688	0.7769	5.8239
0.9327	0.6985	1.8579	0.7693	5.6310
0.9409	0.7057	1.8594	0.7779	5.8239
0.9416	0.7058	1.8597	0.7793	5.8842
0.9298	0.6954	1.8560	0.7666	5.5426


UIPCC
==========================================
0.8260	0.6199	1.7507	0.6228	5.1082
0.8243	0.6172	1.7520	0.6107	5.0608
0.8218	0.6139	1.7474	0.6221	4.9995
0.8238	0.6163	1.7631	0.6061	5.0118
0.8264	0.6179	1.7647	0.6142	5.0614
0.8283	0.6214	1.7542	0.6289	5.1465
0.8216	0.6153	1.7469	0.6108	5.0878
0.8248	0.6173	1.7582	0.6163	5.0927
0.8230	0.6170	1.7599	0.6084	5.0272
0.8263	0.6192	1.7531	0.6164	5.0434
0.8189	0.6139	1.7635	0.6095	5.0547
0.8260	0.6197	1.7599	0.6209	5.2076
0.8328	0.6241	1.7570	0.6281	5.1638
0.8245	0.6179	1.7629	0.6089	5.1451
0.8272	0.6191	1.7580	0.6189	5.1800
0.8188	0.6133	1.7628	0.6007	5.0089
0.8174	0.6121	1.7559	0.6033	4.8625
0.8265	0.6199	1.7521	0.6239	5.1778
0.8282	0.6208	1.7532	0.6206	5.2545
0.8200	0.6132	1.7543	0.6076	4.9629


