Metric: | MAE	| NMAE	| RMSE	| MRE	| NPRE	
==========================================
UMEAN
Avg:	1.5243	0.9963	3.0056	1.8629	11.8643
Std:	0.0045	0.0037	0.0050	0.0135	0.0855
==========================================
IMEAN
Avg:	1.2078	0.7894	2.3831	1.1626	7.5670
Std:	0.0025	0.0023	0.0053	0.0167	0.0829
==========================================
UPCC
Avg:	0.9147	0.5979	1.9015	0.7101	6.5961
Std:	0.0066	0.0047	0.0091	0.0126	0.1527
==========================================
IPCC
Avg:	0.9888	0.6463	2.0218	0.7915	6.1287
Std:	0.0046	0.0033	0.0064	0.0055	0.0618
==========================================
UIPCC
Avg:	0.9019	0.5895	1.8978	0.6899	6.3794
Std:	0.0055	0.0040	0.0083	0.0113	0.1272
==========================================


Detailed results for 20 rounds:
==========================================
UMEAN
==========================================
1.5246	0.9961	3.0074	1.8636	11.7806
1.5242	0.9980	2.9974	1.8724	11.9101
1.5255	0.9996	3.0019	1.8736	11.8814
1.5181	0.9914	3.0113	1.8525	11.8097
1.5324	1.0011	3.0102	1.8727	11.9751
1.5284	1.0007	3.0006	1.8850	12.0000
1.5245	0.9981	3.0044	1.8816	11.9063
1.5191	0.9923	3.0039	1.8541	11.7805
1.5267	0.9969	3.0186	1.8652	11.8507
1.5248	0.9963	3.0043	1.8707	11.9439
1.5263	0.9971	3.0018	1.8657	11.9440
1.5254	0.9955	3.0072	1.8663	11.8376
1.5242	0.9949	3.0086	1.8615	11.8542
1.5140	0.9896	3.0034	1.8407	11.6920
1.5205	0.9916	3.0044	1.8487	11.7830
1.5241	0.9928	3.0119	1.8285	11.7780
1.5210	0.9942	3.0042	1.8511	11.7915
1.5278	0.9988	3.0099	1.8715	11.8646
1.5339	1.0053	2.9976	1.8737	12.0420
1.5211	0.9951	3.0025	1.8588	11.8619


IMEAN
==========================================
1.2054	0.7875	2.3849	1.1487	7.5361
1.2083	0.7911	2.3850	1.1693	7.6432
1.2127	0.7946	2.3735	1.1837	7.7286
1.2077	0.7888	2.3843	1.1684	7.6032
1.2055	0.7875	2.3835	1.1687	7.5745
1.2072	0.7904	2.3759	1.1666	7.6332
1.2058	0.7894	2.3783	1.1581	7.4747
1.2043	0.7867	2.3833	1.1325	7.4955
1.2137	0.7926	2.3828	1.2037	7.7179
1.2085	0.7897	2.3948	1.1485	7.4825
1.2076	0.7890	2.3850	1.1493	7.4643
1.2034	0.7854	2.3883	1.1383	7.4895
1.2090	0.7892	2.3815	1.1767	7.6483
1.2097	0.7907	2.3862	1.1684	7.5738
1.2058	0.7863	2.3801	1.1371	7.5082
1.2088	0.7874	2.3904	1.1530	7.4266
1.2074	0.7892	2.3804	1.1655	7.5602
1.2065	0.7887	2.3727	1.1729	7.6587
1.2110	0.7937	2.3842	1.1692	7.5749
1.2083	0.7905	2.3880	1.1739	7.5457


UPCC
==========================================
0.9190	0.6004	1.9169	0.7020	6.5991
0.9116	0.5968	1.9086	0.6993	6.4324
0.9182	0.6017	1.8921	0.7112	6.5895
0.9075	0.5927	1.8968	0.7111	6.4876
0.9219	0.6023	1.9139	0.7151	6.7931
0.9216	0.6034	1.8916	0.7270	6.7338
0.9066	0.5935	1.8965	0.7001	6.5229
0.9053	0.5914	1.8913	0.7047	6.4411
0.9201	0.6008	1.9032	0.7194	6.6906
0.9193	0.6007	1.9200	0.7083	6.7613
0.9238	0.6035	1.9058	0.7386	6.7765
0.9175	0.5988	1.9060	0.7133	6.6956
0.9082	0.5928	1.9006	0.7044	6.5814
0.9116	0.5959	1.9092	0.7127	6.4319
0.9105	0.5938	1.8862	0.7046	6.5990
0.9077	0.5913	1.8967	0.6920	6.3700
0.9041	0.5910	1.8969	0.6857	6.2945
0.9160	0.5988	1.8903	0.7160	6.7044
0.9263	0.6071	1.9011	0.7338	6.8751
0.9180	0.6005	1.9061	0.7033	6.5420


IPCC
==========================================
0.9832	0.6423	2.0242	0.7824	6.0670
0.9880	0.6469	2.0258	0.7941	6.0664
0.9915	0.6497	2.0126	0.7969	6.1950
0.9895	0.6462	2.0286	0.7909	6.1567
0.9791	0.6397	2.0175	0.7823	6.0750
0.9902	0.6483	2.0167	0.7919	6.1848
0.9856	0.6452	2.0176	0.7883	6.0205
0.9889	0.6460	2.0179	0.7911	6.1399
0.9948	0.6496	2.0304	0.8024	6.1606
0.9885	0.6459	2.0362	0.7904	6.0726
0.9944	0.6496	2.0245	0.7890	6.1386
0.9806	0.6400	2.0146	0.7839	6.0410
0.9874	0.6445	2.0183	0.7958	6.1388
0.9909	0.6477	2.0282	0.7895	6.1994
0.9879	0.6443	2.0157	0.7855	6.0774
0.9941	0.6476	2.0282	0.7969	6.1347
0.9823	0.6421	2.0139	0.7888	6.0744
0.9905	0.6475	2.0158	0.7930	6.2549
0.9947	0.6519	2.0247	0.8013	6.1834
0.9938	0.6501	2.0251	0.7957	6.1929


UIPCC
==========================================
0.9041	0.5907	1.9110	0.6798	6.3721
0.8989	0.5886	1.9048	0.6842	6.2044
0.9052	0.5932	1.8881	0.6894	6.3861
0.8966	0.5856	1.8962	0.6889	6.3229
0.9058	0.5917	1.9073	0.6893	6.5231
0.9083	0.5947	1.8887	0.7061	6.4788
0.8952	0.5861	1.8936	0.6836	6.2938
0.8949	0.5846	1.8892	0.6852	6.2824
0.9073	0.5925	1.9007	0.7003	6.4549
0.9051	0.5914	1.9160	0.6877	6.5082
0.9105	0.5948	1.9019	0.7144	6.5083
0.9028	0.5892	1.8999	0.6921	6.4532
0.8963	0.5850	1.8964	0.6842	6.3584
0.9003	0.5885	1.9061	0.6927	6.2679
0.8984	0.5859	1.8839	0.6824	6.3805
0.8971	0.5844	1.8945	0.6776	6.2074
0.8918	0.5829	1.8928	0.6677	6.1156
0.9026	0.5900	1.8868	0.6948	6.4847
0.9122	0.5978	1.8960	0.7136	6.6495
0.9045	0.5917	1.9023	0.6848	6.3363


