Metric: | MAE	| NMAE	| RMSE	| MRE	| NPRE	
==========================================
UMEAN
Avg:	1.2065	0.9024	2.3567	1.5173	9.3114
Std:	0.0013	0.0028	0.0081	0.0146	0.0855
==========================================
IMEAN
Avg:	1.1460	0.8571	2.2098	1.2909	7.3145
Std:	0.0019	0.0023	0.0056	0.0105	0.0552
==========================================
UPCC
Avg:	0.7043	0.5267	1.6079	0.4824	3.4317
Std:	0.0028	0.0027	0.0056	0.0077	0.0881
==========================================
IPCC
Avg:	0.8415	0.6294	1.7395	0.7128	5.1943
Std:	0.0058	0.0049	0.0063	0.0061	0.0898
==========================================
UIPCC
Avg:	0.7076	0.5293	1.6048	0.4985	3.7251
Std:	0.0028	0.0026	0.0056	0.0065	0.0707
==========================================


Detailed results for 20 rounds:
==========================================
UMEAN
==========================================
1.2085	0.9053	2.3554	1.5207	9.3656
1.2074	0.9044	2.3521	1.5308	9.3815
1.2063	0.8972	2.3697	1.4945	9.2106
1.2082	0.9020	2.3677	1.5112	9.2805
1.2069	0.9037	2.3541	1.5224	9.4149
1.2075	0.8995	2.3679	1.5054	9.2940
1.2043	0.9004	2.3559	1.5076	9.2501
1.2067	0.9029	2.3536	1.5220	9.3268
1.2057	0.9014	2.3541	1.5117	9.2996
1.2063	0.9010	2.3588	1.5188	9.3414
1.2063	0.9087	2.3444	1.5393	9.4718
1.2054	0.9041	2.3433	1.5460	9.3835
1.2046	0.8993	2.3602	1.5002	9.1992
1.2041	0.9008	2.3521	1.5240	9.2679
1.2076	0.9020	2.3623	1.5038	9.2487
1.2044	0.9049	2.3515	1.5201	9.4015
1.2073	0.9028	2.3525	1.5169	9.2939
1.2062	0.9017	2.3655	1.5023	9.1655
1.2075	0.9071	2.3443	1.5465	9.4427
1.2082	0.8982	2.3694	1.5012	9.1890


IMEAN
==========================================
1.1451	0.8578	2.2058	1.3000	7.3531
1.1428	0.8560	2.2070	1.2794	7.3299
1.1484	0.8541	2.2149	1.2904	7.2653
1.1472	0.8564	2.2128	1.3030	7.3034
1.1456	0.8578	2.2126	1.2996	7.2442
1.1485	0.8556	2.2145	1.2868	7.3629
1.1445	0.8557	2.2052	1.2857	7.2531
1.1435	0.8556	2.2078	1.2925	7.2891
1.1464	0.8570	2.2091	1.2894	7.2883
1.1472	0.8569	2.2154	1.2942	7.3121
1.1436	0.8615	2.1997	1.3114	7.3996
1.1450	0.8588	2.2139	1.2769	7.2654
1.1488	0.8577	2.2148	1.2847	7.2966
1.1475	0.8585	2.2178	1.2892	7.2695
1.1451	0.8553	2.2092	1.2803	7.3188
1.1455	0.8606	2.1997	1.3038	7.3551
1.1430	0.8548	2.2041	1.2773	7.3461
1.1484	0.8585	2.2012	1.3085	7.4016
1.1469	0.8616	2.2131	1.2901	7.4233
1.1465	0.8524	2.2177	1.2747	7.2137


UPCC
==========================================
0.7077	0.5302	1.6001	0.4937	3.6372
0.7045	0.5277	1.6066	0.4829	3.3651
0.7030	0.5228	1.6060	0.4773	3.3843
0.7012	0.5235	1.6096	0.4674	3.3674
0.7055	0.5282	1.6093	0.4887	3.4638
0.7030	0.5237	1.6138	0.4834	3.4072
0.7006	0.5238	1.6066	0.4754	3.2856
0.7014	0.5248	1.6020	0.4772	3.3829
0.7075	0.5289	1.6068	0.4874	3.5090
0.7051	0.5267	1.6207	0.4812	3.3689
0.7006	0.5278	1.5988	0.4866	3.4698
0.7055	0.5292	1.6078	0.4859	3.5967
0.7043	0.5258	1.6099	0.4886	3.3716
0.7024	0.5255	1.6148	0.4713	3.3588
0.7061	0.5274	1.6088	0.4791	3.4413
0.7013	0.5269	1.6062	0.4751	3.3961
0.7011	0.5243	1.5987	0.4795	3.4041
0.7097	0.5305	1.6069	0.5003	3.4985
0.7093	0.5328	1.6064	0.4891	3.5643
0.7051	0.5242	1.6180	0.4775	3.3604


IPCC
==========================================
0.8417	0.6305	1.7357	0.7143	5.2218
0.8474	0.6347	1.7429	0.7151	5.2618
0.8320	0.6188	1.7346	0.7018	4.9757
0.8450	0.6308	1.7464	0.7160	5.2130
0.8480	0.6350	1.7443	0.7118	5.2814
0.8414	0.6268	1.7441	0.7108	5.1877
0.8355	0.6247	1.7344	0.7069	5.0286
0.8397	0.6283	1.7382	0.7073	5.2266
0.8448	0.6316	1.7403	0.7221	5.1982
0.8330	0.6222	1.7406	0.7039	5.0850
0.8356	0.6295	1.7349	0.7141	5.2115
0.8486	0.6364	1.7473	0.7212	5.2944
0.8374	0.6252	1.7357	0.7125	5.0988
0.8535	0.6385	1.7537	0.7254	5.2796
0.8455	0.6315	1.7377	0.7107	5.2773
0.8382	0.6297	1.7295	0.7175	5.2326
0.8332	0.6231	1.7261	0.7053	5.0680
0.8461	0.6325	1.7418	0.7150	5.2435
0.8400	0.6310	1.7360	0.7162	5.2457
0.8436	0.6272	1.7455	0.7076	5.2545


UIPCC
==========================================
0.7105	0.5323	1.5971	0.5053	3.8673
0.7089	0.5310	1.6038	0.4996	3.6865
0.7052	0.5245	1.6037	0.4911	3.6291
0.7060	0.5271	1.6080	0.4902	3.6924
0.7092	0.5311	1.6066	0.5051	3.7652
0.7068	0.5265	1.6106	0.5013	3.7109
0.7035	0.5260	1.6030	0.4897	3.6027
0.7050	0.5275	1.5993	0.4949	3.6827
0.7108	0.5314	1.6040	0.5049	3.7717
0.7073	0.5283	1.6166	0.4919	3.6811
0.7033	0.5298	1.5961	0.4995	3.7524
0.7098	0.5323	1.6054	0.5060	3.8734
0.7072	0.5280	1.6062	0.5003	3.6682
0.7085	0.5300	1.6130	0.4951	3.6925
0.7098	0.5302	1.6044	0.4991	3.7344
0.7047	0.5295	1.6018	0.4923	3.7227
0.7033	0.5259	1.5947	0.4916	3.6881
0.7128	0.5329	1.6041	0.5143	3.7625
0.7112	0.5342	1.6027	0.5025	3.8396
0.7091	0.5272	1.6142	0.4955	3.6782


