Metric: | MAE	| NMAE	| RMSE	| MRE	| NPRE	
==========================================
UMEAN
Avg:	1.1393	0.8854	2.2521	1.3882	8.9032
Std:	0.0041	0.0041	0.0051	0.0205	0.1224
==========================================
IMEAN
Avg:	1.2086	0.9392	2.3683	0.9052	7.6327
Std:	0.0081	0.0070	0.0107	0.0076	0.1542
==========================================
UPCC
Avg:	0.9147	0.7108	1.8616	0.7493	6.3230
Std:	0.0049	0.0042	0.0105	0.0108	0.0956
==========================================
IPCC
Avg:	1.0212	0.7936	2.0009	0.7757	6.4171
Std:	0.0070	0.0058	0.0113	0.0074	0.1025
==========================================
UIPCC
Avg:	0.9133	0.7097	1.8569	0.7389	6.2497
Std:	0.0049	0.0042	0.0100	0.0113	0.0857
==========================================


Detailed results for 20 rounds:
==========================================
UMEAN
==========================================
1.1430	0.8887	2.2530	1.3940	8.8691
1.1385	0.8862	2.2464	1.3805	8.7930
1.1341	0.8810	2.2506	1.3937	8.8627
1.1420	0.8876	2.2491	1.3821	9.0529
1.1371	0.8838	2.2504	1.3746	8.8069
1.1438	0.8905	2.2460	1.4095	8.9880
1.1373	0.8811	2.2593	1.3730	8.8739
1.1302	0.8758	2.2578	1.3437	8.6417
1.1428	0.8905	2.2436	1.4181	9.0563
1.1444	0.8891	2.2551	1.4149	9.0402
1.1353	0.8811	2.2588	1.3585	8.7781
1.1465	0.8904	2.2548	1.4147	9.1211
1.1353	0.8848	2.2441	1.3651	8.8843
1.1400	0.8853	2.2553	1.3962	8.8479
1.1359	0.8812	2.2581	1.3943	8.7984
1.1413	0.8902	2.2428	1.4224	8.9935
1.1367	0.8833	2.2539	1.3717	8.7609
1.1414	0.8857	2.2558	1.3849	9.0041
1.1371	0.8816	2.2555	1.3789	8.8600
1.1437	0.8893	2.2526	1.3930	9.0311


IMEAN
==========================================
1.2135	0.9435	2.3560	0.9169	7.7440
1.2036	0.9369	2.3533	0.9049	7.5669
1.2026	0.9341	2.3631	0.9003	7.7061
1.1925	0.9269	2.3484	0.9055	7.2987
1.2118	0.9419	2.3718	0.9034	7.7273
1.2012	0.9352	2.3602	0.9033	7.6772
1.2089	0.9366	2.3870	0.8976	7.4986
1.1964	0.9270	2.3643	0.8885	7.3831
1.2168	0.9482	2.3742	0.9112	7.7409
1.2110	0.9409	2.3605	0.9098	7.6117
1.2128	0.9412	2.3762	0.9040	7.7025
1.2250	0.9514	2.3933	0.9085	7.8385
1.2168	0.9484	2.3728	0.9143	7.6645
1.2156	0.9440	2.3740	0.9121	7.7286
1.2026	0.9329	2.3758	0.8887	7.4532
1.2096	0.9434	2.3617	0.9108	7.7078
1.2162	0.9450	2.3750	0.9068	7.7459
1.2000	0.9311	2.3716	0.8967	7.4977
1.2007	0.9310	2.3650	0.9062	7.4484
1.2138	0.9438	2.3619	0.9137	7.9122


UPCC
==========================================
0.9225	0.7173	1.8575	0.7619	6.3496
0.9158	0.7129	1.8467	0.7646	6.3460
0.9133	0.7094	1.8592	0.7296	6.4117
0.9103	0.7076	1.8389	0.7573	6.4014
0.9163	0.7122	1.8628	0.7618	6.3187
0.9101	0.7085	1.8539	0.7502	6.3240
0.9139	0.7081	1.8827	0.7389	6.1071
0.9108	0.7057	1.8650	0.7281	6.0987
0.9187	0.7159	1.8628	0.7517	6.4273
0.9212	0.7157	1.8622	0.7615	6.3446
0.9053	0.7026	1.8594	0.7347	6.2983
0.9247	0.7181	1.8856	0.7407	6.4266
0.9165	0.7143	1.8576	0.7599	6.3170
0.9142	0.7099	1.8589	0.7434	6.3334
0.9077	0.7041	1.8672	0.7393	6.1657
0.9109	0.7105	1.8495	0.7507	6.4359
0.9167	0.7123	1.8622	0.7507	6.3671
0.9200	0.7139	1.8727	0.7544	6.3881
0.9125	0.7075	1.8664	0.7497	6.2616
0.9130	0.7099	1.8596	0.7561	6.3366


IPCC
==========================================
1.0323	0.8026	1.9993	0.7883	6.5638
1.0204	0.7943	1.9914	0.7818	6.3412
1.0171	0.7901	1.9972	0.7719	6.4357
1.0072	0.7828	1.9761	0.7772	6.2748
1.0267	0.7980	2.0053	0.7781	6.5092
1.0192	0.7934	1.9955	0.7768	6.3949
1.0238	0.7932	2.0248	0.7651	6.3189
1.0162	0.7874	1.9997	0.7619	6.2939
1.0243	0.7982	2.0023	0.7777	6.4649
1.0177	0.7907	1.9910	0.7787	6.3450
1.0193	0.7910	1.9984	0.7733	6.4525
1.0368	0.8052	2.0261	0.7792	6.6127
1.0232	0.7974	1.9998	0.7832	6.4392
1.0303	0.8001	2.0145	0.7851	6.4558
1.0102	0.7837	2.0006	0.7581	6.2242
1.0212	0.7965	1.9937	0.7778	6.5431
1.0272	0.7982	2.0073	0.7802	6.4983
1.0195	0.7911	2.0044	0.7689	6.3820
1.0171	0.7886	2.0035	0.7740	6.3028
1.0150	0.7892	1.9870	0.7772	6.4899


UIPCC
==========================================
0.9217	0.7167	1.8524	0.7535	6.3044
0.9144	0.7118	1.8432	0.7542	6.2310
0.9116	0.7081	1.8545	0.7184	6.2950
0.9074	0.7053	1.8359	0.7462	6.2902
0.9162	0.7121	1.8598	0.7528	6.2420
0.9088	0.7075	1.8493	0.7384	6.2247
0.9134	0.7076	1.8783	0.7257	6.0704
0.9095	0.7047	1.8598	0.7159	6.0786
0.9166	0.7143	1.8576	0.7419	6.3397
0.9180	0.7132	1.8557	0.7496	6.2675
0.9050	0.7024	1.8553	0.7243	6.2400
0.9238	0.7174	1.8792	0.7321	6.3701
0.9148	0.7130	1.8533	0.7508	6.2598
0.9145	0.7102	1.8564	0.7362	6.2977
0.9059	0.7027	1.8618	0.7270	6.0718
0.9099	0.7097	1.8446	0.7424	6.3486
0.9162	0.7119	1.8590	0.7401	6.3061
0.9179	0.7123	1.8670	0.7423	6.3029
0.9106	0.7060	1.8611	0.7398	6.1831
0.9103	0.7078	1.8533	0.7464	6.2699


