Metric: | MAE	| NMAE	| RMSE	| MRE	| NPRE	
==========================================
UMEAN
Avg:	14.6931	1.3328	53.8640	3.8997	24.9848
Std:	0.1070	0.0143	0.8844	0.0828	0.6142
==========================================
IMEAN
Avg:	7.9218	0.7186	44.0479	0.5520	7.2405
Std:	0.0482	0.0051	0.7672	0.0023	0.0503
==========================================
UPCC
Avg:	9.4118	0.8537	42.3064	1.6111	16.3815
Std:	0.1394	0.0146	0.9109	0.0725	0.4864
==========================================
IPCC
Avg:	9.5146	0.8631	44.9427	0.7752	11.2609
Std:	0.1302	0.0142	0.4019	0.0065	0.1588
==========================================
UIPCC
Avg:	9.1855	0.8332	43.2194	1.4072	14.4669
Std:	0.1210	0.0131	0.7239	0.0377	0.2481
==========================================


Detailed results for 20 rounds:
==========================================
UMEAN
==========================================
14.8495	1.3541	52.9726	4.0664	25.6163
14.5193	1.3105	54.6970	3.7749	23.8399
14.7939	1.3469	53.2815	3.9598	25.8225
14.5891	1.3197	54.3901	3.8471	24.2232
14.6665	1.3299	54.8955	3.9225	24.5045
14.6935	1.3313	54.5236	3.8480	25.1457
14.7423	1.3401	53.5283	3.9028	24.7071
14.5984	1.3182	52.4287	3.7780	24.8149
14.7813	1.3455	53.9532	3.9374	25.3194
14.6681	1.3299	54.2647	3.8723	24.3173
14.7157	1.3355	52.9447	3.8947	25.3752
14.5701	1.3159	54.2398	3.8316	24.5420
14.5725	1.3170	55.7674	3.9222	24.7200
14.7098	1.3354	54.4443	3.9574	25.9545
14.7567	1.3415	54.6549	3.9308	25.1138
14.8087	1.3484	52.8175	4.0140	25.7262
14.9357	1.3640	52.4225	4.0627	26.1087
14.7269	1.3375	53.1329	3.8085	24.6326
14.5740	1.3167	53.5136	3.8198	24.4752
14.5902	1.3180	54.4078	3.8425	24.7371


IMEAN
==========================================
7.8978	0.7202	43.1306	0.5523	7.2444
7.9097	0.7139	44.6775	0.5527	7.2483
7.9358	0.7225	43.4793	0.5537	7.2549
7.9500	0.7191	44.8473	0.5549	7.3039
7.9174	0.7179	45.0511	0.5531	7.3155
7.9070	0.7164	44.4899	0.5481	7.1257
7.9535	0.7230	43.7832	0.5526	7.2386
8.0119	0.7234	43.0325	0.5532	7.2718
7.9337	0.7222	44.4599	0.5547	7.2505
7.8654	0.7131	44.0150	0.5495	7.2056
8.0582	0.7313	43.5557	0.5518	7.2581
7.8975	0.7132	44.3925	0.5482	7.1481
7.8389	0.7085	45.5050	0.5574	7.3317
7.9468	0.7214	44.5582	0.5499	7.2437
7.8883	0.7171	44.7591	0.5523	7.2895
7.9425	0.7232	43.5454	0.5518	7.2422
7.8904	0.7206	42.5041	0.5490	7.1851
7.8993	0.7174	42.9552	0.5511	7.2410
7.9186	0.7154	44.1817	0.5529	7.1962
7.8732	0.7112	44.0351	0.5508	7.2147


UPCC
==========================================
9.4952	0.8658	41.3221	1.6867	17.1420
9.3656	0.8453	42.8416	1.6466	15.6215
9.5521	0.8697	41.5397	1.6252	16.4889
9.3423	0.8451	43.4043	1.6289	16.0590
9.2317	0.8371	43.3221	1.5996	15.7977
9.4631	0.8574	42.7829	1.6373	16.7923
9.3574	0.8506	41.9154	1.5700	15.9953
9.3938	0.8482	40.6089	1.5659	15.9915
9.4711	0.8621	42.3577	1.6776	16.5124
9.3365	0.8465	42.4107	1.5406	15.7851
9.6324	0.8742	42.1078	1.6480	16.7640
9.3329	0.8429	42.5698	1.4987	16.4518
9.0495	0.8179	43.9618	1.4664	15.7635
9.4720	0.8599	43.0496	1.6070	16.9382
9.4644	0.8604	43.2619	1.7511	16.8297
9.5752	0.8718	42.1682	1.6142	17.2326
9.4881	0.8665	40.4716	1.7030	16.8523
9.5716	0.8693	41.0884	1.6518	16.2328
9.4627	0.8549	42.4908	1.6284	16.4997
9.1789	0.8292	42.4525	1.4748	15.8802


IPCC
==========================================
9.7021	0.8847	44.7181	0.7758	11.4506
9.4669	0.8545	45.2822	0.7755	11.3064
9.6364	0.8773	44.7088	0.7697	11.3227
9.3827	0.8487	45.2880	0.7785	11.3012
9.4510	0.8570	45.2654	0.7884	11.5489
9.4182	0.8533	44.8272	0.7738	11.2180
9.5933	0.8720	44.4310	0.7884	11.5029
9.5337	0.8609	44.4423	0.7704	10.8903
9.5618	0.8704	45.0711	0.7752	11.2894
9.4104	0.8532	45.0909	0.7669	11.0412
9.7500	0.8848	44.9908	0.7835	11.2739
9.4187	0.8506	45.0796	0.7628	11.0568
9.2387	0.8350	45.5630	0.7822	11.3703
9.4754	0.8602	45.0966	0.7687	11.1865
9.4630	0.8602	45.2525	0.7783	11.3245
9.7232	0.8853	45.5711	0.7720	11.2490
9.6805	0.8840	44.0618	0.7714	11.3777
9.5448	0.8668	44.2519	0.7769	11.1576
9.4500	0.8538	45.0869	0.7713	11.0561
9.3919	0.8484	44.7748	0.7741	11.2940


UIPCC
==========================================
9.3169	0.8496	42.4753	1.4450	14.9329
9.1479	0.8257	43.7772	1.4272	14.1181
9.3125	0.8479	42.6968	1.4262	14.6877
9.0969	0.8229	44.0222	1.4164	14.2539
9.0800	0.8233	44.0404	1.4171	14.4351
9.1507	0.8291	43.5087	1.4076	14.6771
9.2117	0.8373	42.7778	1.4056	14.3645
9.1859	0.8295	41.9895	1.3646	14.1928
9.2260	0.8398	43.3516	1.4449	14.5226
9.0878	0.8240	43.3425	1.3608	14.0305
9.4152	0.8545	43.0546	1.4424	14.6302
9.0933	0.8212	43.4521	1.3434	14.2856
8.8923	0.8037	44.5662	1.3412	14.3484
9.1920	0.8345	43.7677	1.3862	14.6923
9.1735	0.8339	43.9420	1.4611	14.6264
9.3734	0.8535	43.2200	1.4028	14.8171
9.3017	0.8495	41.6947	1.4649	14.7845
9.2542	0.8404	42.1535	1.4321	14.2716
9.1698	0.8284	43.3612	1.4082	14.4507
9.0279	0.8155	43.1948	1.3471	14.2169


