Metric: | MAE	| NMAE	| RMSE	| MRE	| NPRE	
==========================================
UMEAN
Avg:	1.1535	0.8964	2.2918	1.4558	9.1142
Std:	0.0020	0.0027	0.0049	0.0159	0.0816
==========================================
IMEAN
Avg:	1.1336	0.8808	2.2217	1.1489	7.2826
Std:	0.0024	0.0032	0.0056	0.0166	0.0769
==========================================
UPCC
Avg:	0.7674	0.5963	1.7039	0.5624	4.3737
Std:	0.0031	0.0026	0.0065	0.0091	0.0909
==========================================
IPCC
Avg:	0.9051	0.7033	1.8208	0.7812	5.7547
Std:	0.0041	0.0035	0.0049	0.0049	0.0681
==========================================
UIPCC
Avg:	0.7720	0.5999	1.7051	0.5690	4.5333
Std:	0.0030	0.0025	0.0064	0.0075	0.0787
==========================================


Detailed results for 20 rounds:
==========================================
UMEAN
==========================================
1.1564	0.8996	2.2865	1.4687	9.1266
1.1504	0.8921	2.2974	1.4334	8.9465
1.1526	0.8986	2.2847	1.4714	9.1147
1.1550	0.8970	2.2937	1.4488	9.1050
1.1555	0.8975	2.2928	1.4726	9.1339
1.1561	0.8978	2.2881	1.4712	9.2346
1.1520	0.8948	2.2889	1.4509	9.1901
1.1560	0.8981	2.2935	1.4778	9.1688
1.1537	0.8952	2.2935	1.4600	9.1291
1.1513	0.8908	2.3019	1.4255	9.0036
1.1539	0.8969	2.2937	1.4581	9.0868
1.1525	0.8962	2.2908	1.4613	9.1049
1.1501	0.8948	2.2952	1.4466	9.1218
1.1518	0.8920	2.3004	1.4335	8.9595
1.1542	0.8987	2.2865	1.4656	9.2218
1.1519	0.8944	2.2908	1.4511	9.0964
1.1571	0.9025	2.2831	1.4873	9.2845
1.1527	0.8969	2.2867	1.4429	9.0907
1.1533	0.8969	2.2936	1.4467	9.0661
1.1542	0.8963	2.2944	1.4435	9.0981


IMEAN
==========================================
1.1346	0.8827	2.2171	1.1500	7.3516
1.1324	0.8781	2.2242	1.1303	7.2513
1.1356	0.8854	2.2122	1.1816	7.3803
1.1378	0.8836	2.2342	1.1398	7.2493
1.1339	0.8807	2.2181	1.1570	7.3420
1.1313	0.8785	2.2234	1.1330	7.2635
1.1322	0.8794	2.2228	1.1242	7.2481
1.1303	0.8781	2.2205	1.1648	7.1938
1.1325	0.8788	2.2219	1.1525	7.3073
1.1296	0.8740	2.2264	1.1338	7.2540
1.1341	0.8816	2.2273	1.1314	7.2550
1.1364	0.8837	2.2236	1.1527	7.3832
1.1352	0.8832	2.2157	1.1620	7.3767
1.1297	0.8750	2.2306	1.1205	7.1043
1.1318	0.8813	2.2145	1.1610	7.3002
1.1322	0.8791	2.2244	1.1500	7.1851
1.1348	0.8851	2.2114	1.1698	7.3854
1.1376	0.8851	2.2209	1.1722	7.3295
1.1366	0.8840	2.2220	1.1526	7.3180
1.1329	0.8797	2.2224	1.1379	7.1729


UPCC
==========================================
0.7704	0.5994	1.6976	0.5751	4.5633
0.7647	0.5930	1.7071	0.5505	4.2985
0.7679	0.5987	1.6952	0.5690	4.4312
0.7738	0.6009	1.7143	0.5766	4.4557
0.7686	0.5970	1.6996	0.5684	4.4675
0.7676	0.5961	1.7126	0.5514	4.4182
0.7681	0.5966	1.7000	0.5672	4.4176
0.7628	0.5926	1.7059	0.5490	4.2055
0.7669	0.5951	1.7012	0.5612	4.3626
0.7740	0.5988	1.7113	0.5663	4.3289
0.7659	0.5953	1.7112	0.5618	4.3256
0.7663	0.5959	1.7101	0.5580	4.2746
0.7655	0.5956	1.7019	0.5530	4.3215
0.7630	0.5910	1.7130	0.5511	4.2156
0.7694	0.5992	1.6953	0.5711	4.4714
0.7618	0.5914	1.7071	0.5524	4.2924
0.7670	0.5982	1.6923	0.5736	4.4106
0.7678	0.5974	1.6981	0.5562	4.4245
0.7673	0.5967	1.7025	0.5604	4.4638
0.7700	0.5979	1.7021	0.5751	4.3242


IPCC
==========================================
0.9109	0.7087	1.8179	0.7900	5.8256
0.9097	0.7054	1.8249	0.7873	5.7820
0.9021	0.7033	1.8143	0.7845	5.7308
0.9129	0.7089	1.8291	0.7840	5.7870
0.9070	0.7044	1.8147	0.7803	5.8688
0.9048	0.7026	1.8222	0.7803	5.7633
0.9013	0.7001	1.8177	0.7764	5.6624
0.9022	0.7009	1.8207	0.7772	5.7351
0.9081	0.7046	1.8230	0.7822	5.8074
0.9033	0.6988	1.8269	0.7707	5.7551
0.9035	0.7023	1.8262	0.7776	5.6900
0.9017	0.7011	1.8212	0.7776	5.7930
0.9004	0.7005	1.8183	0.7809	5.7598
0.8995	0.6966	1.8247	0.7740	5.5974
0.9020	0.7024	1.8120	0.7845	5.7410
0.8992	0.6981	1.8206	0.7773	5.6537
0.9048	0.7057	1.8119	0.7829	5.8377
0.9085	0.7069	1.8196	0.7855	5.7623
0.9109	0.7084	1.8254	0.7894	5.8490
0.9084	0.7054	1.8246	0.7812	5.6922


UIPCC
==========================================
0.7747	0.6027	1.6984	0.5788	4.6874
0.7700	0.5971	1.7075	0.5594	4.4883
0.7716	0.6016	1.6969	0.5731	4.5581
0.7786	0.6047	1.7150	0.5820	4.5856
0.7735	0.6008	1.7001	0.5748	4.6236
0.7727	0.6000	1.7128	0.5610	4.5644
0.7710	0.5988	1.7011	0.5695	4.5181
0.7681	0.5968	1.7074	0.5591	4.4252
0.7724	0.5993	1.7030	0.5698	4.5360
0.7776	0.6016	1.7130	0.5720	4.4756
0.7706	0.5990	1.7122	0.5697	4.5015
0.7708	0.5994	1.7105	0.5686	4.4543
0.7695	0.5987	1.7032	0.5604	4.4990
0.7677	0.5946	1.7137	0.5595	4.3586
0.7731	0.6020	1.6963	0.5742	4.6384
0.7664	0.5950	1.7085	0.5594	4.4675
0.7718	0.6019	1.6930	0.5813	4.5831
0.7729	0.6013	1.6999	0.5636	4.6032
0.7727	0.6009	1.7042	0.5660	4.6128
0.7746	0.6015	1.7045	0.5780	4.4857


