Metric: | MAE	| NMAE	| RMSE	| MRE	| NPRE	
==========================================
UMEAN
Avg:	14.7741	1.3266	51.9596	3.8255	24.7413
Std:	0.1632	0.0174	0.3719	0.1009	0.7303
==========================================
IMEAN
Avg:	8.1582	0.7325	41.5784	0.5630	6.9679
Std:	0.1013	0.0095	0.5374	0.0025	0.0887
==========================================
UPCC
Avg:	10.0383	0.9014	40.8844	1.7673	16.2444
Std:	0.1630	0.0159	0.5495	0.0778	0.6016
==========================================
IPCC
Avg:	9.7539	0.8758	42.7558	0.7711	10.7981
Std:	0.1844	0.0179	0.5882	0.0105	0.3245
==========================================
UIPCC
Avg:	9.5903	0.8611	41.4734	1.4421	14.1203
Std:	0.1568	0.0154	0.4356	0.0527	0.4633
==========================================


Detailed results for 20 rounds:
==========================================
UMEAN
==========================================
14.4732	1.2947	52.4764	3.6496	23.8890
14.6552	1.3137	51.4383	3.7420	24.3277
14.9737	1.3482	52.2636	3.9093	25.5831
15.0191	1.3522	51.8640	3.9578	25.7407
14.7248	1.3214	52.0316	3.8401	25.2217
14.5894	1.3074	52.4238	3.8106	24.5387
14.7014	1.3185	52.3144	3.7771	24.8749
14.9201	1.3424	51.3611	3.8371	25.3987
14.9149	1.3418	51.3286	3.9588	25.2363
15.0670	1.3582	51.5919	3.9880	25.6293
14.9506	1.3449	51.9782	3.9240	25.7295
14.6281	1.3109	51.8455	3.8159	24.6655
14.6259	1.3103	52.5300	3.7588	23.7796
14.7609	1.3257	51.7295	3.8553	24.7097
14.7244	1.3212	52.3409	3.9110	24.3138
14.8046	1.3310	51.6296	3.7994	23.9392
14.8221	1.3321	51.6584	3.7824	23.9756
14.7823	1.3270	52.1815	3.7242	25.1488
14.8425	1.3335	52.2764	3.8795	25.0364
14.5012	1.2972	51.9283	3.5892	23.0884


IMEAN
==========================================
8.1511	0.7292	41.9691	0.5657	7.0273
8.0819	0.7245	40.3982	0.5654	6.9987
8.1827	0.7368	41.5908	0.5631	6.9814
8.2506	0.7428	41.6747	0.5585	7.0495
8.0807	0.7251	41.7206	0.5579	6.8927
8.1507	0.7304	41.8819	0.5618	6.9565
8.1473	0.7307	41.4655	0.5645	7.0882
8.3218	0.7488	41.1388	0.5677	6.9420
8.1817	0.7360	41.0514	0.5614	6.7929
8.1636	0.7359	41.2493	0.5676	7.0836
8.0818	0.7270	41.3344	0.5652	6.9128
8.1196	0.7276	41.1668	0.5625	7.0016
8.0576	0.7218	41.3655	0.5618	6.9615
8.1794	0.7346	41.5787	0.5625	6.9364
7.9854	0.7165	41.3777	0.5612	6.9868
8.2671	0.7433	42.1612	0.5643	7.0721
8.0317	0.7218	41.8946	0.5632	6.8478
8.3941	0.7535	42.8952	0.5635	7.1205
8.0551	0.7237	41.1532	0.5619	6.8634
8.2799	0.7407	42.4997	0.5608	6.8419


UPCC
==========================================
9.8526	0.8814	41.2511	1.6393	15.4894
9.9361	0.8907	39.7110	1.7005	15.6386
10.2950	0.9269	40.7273	1.8277	17.2911
10.2707	0.9247	40.8917	1.8479	16.9104
10.0434	0.9013	40.9682	1.8173	16.9829
9.9393	0.8907	41.2449	1.7524	16.4386
9.9145	0.8892	40.8781	1.7864	15.8413
10.1104	0.9097	40.5378	1.7431	15.7025
10.0807	0.9069	40.3108	1.7365	16.4599
10.2002	0.9195	40.4443	1.8688	16.5186
10.1923	0.9168	40.7531	1.9080	16.8588
9.8596	0.8836	40.6362	1.7118	15.8055
9.8967	0.8866	40.7569	1.6829	16.0624
10.0083	0.8989	40.7968	1.7216	16.2582
9.8024	0.8795	40.6535	1.8217	16.5283
10.1313	0.9109	41.5402	1.7514	15.8672
9.7870	0.8796	41.0961	1.7169	15.1018
10.3573	0.9298	42.3360	1.7133	16.8462
10.0093	0.8992	40.4017	1.9268	16.8803
10.0785	0.9016	41.7521	1.6725	15.4061


IPCC
==========================================
9.6030	0.8591	42.6415	0.7712	10.6716
9.7109	0.8705	44.2010	0.7585	10.4667
9.9910	0.8996	42.4983	0.7847	11.3479
10.0143	0.9016	42.9894	0.7780	11.3195
9.7441	0.8744	42.5975	0.7582	10.8185
9.6726	0.8668	42.5555	0.7633	10.7118
9.7342	0.8730	42.2874	0.7792	10.9640
10.0452	0.9038	43.1552	0.7803	10.8631
10.0894	0.9076	42.6665	0.7757	11.0245
10.0218	0.9034	43.0002	0.7897	11.2977
9.7710	0.8789	42.2288	0.7731	11.0098
9.7140	0.8705	42.9365	0.7563	10.5129
9.4707	0.8484	41.8212	0.7745	10.7758
9.7927	0.8795	43.0059	0.7664	10.7526
9.5501	0.8569	42.0073	0.7846	10.9852
9.6063	0.8637	43.0670	0.7737	10.4281
9.5107	0.8547	42.6868	0.7694	10.5228
9.8239	0.8819	43.5954	0.7678	10.6986
9.6139	0.8637	41.7166	0.7713	10.8174
9.5979	0.8586	43.4578	0.7460	9.9741


UIPCC
==========================================
9.4353	0.8441	41.6943	1.3704	13.7786
9.5292	0.8542	41.2723	1.3790	13.7379
9.8182	0.8840	41.3067	1.5084	14.8874
9.8309	0.8851	41.5833	1.4904	14.7001
9.5813	0.8598	41.4875	1.4491	14.6065
9.5137	0.8525	41.6042	1.4044	14.3461
9.5338	0.8550	41.2880	1.4403	14.0094
9.7924	0.8811	41.3491	1.4397	13.8458
9.8032	0.8819	41.0425	1.4676	14.2594
9.8061	0.8840	41.2945	1.5381	14.7407
9.6492	0.8680	41.1549	1.5204	14.4951
9.5023	0.8515	41.3424	1.3806	13.7211
9.3617	0.8387	41.0251	1.4103	14.0404
9.6015	0.8623	41.5534	1.4223	14.1388
9.3823	0.8418	41.0844	1.4866	14.2504
9.5411	0.8578	41.9924	1.4456	13.5412
9.3452	0.8399	41.5876	1.4078	13.3612
9.7613	0.8763	42.6748	1.4386	14.2515
9.4986	0.8534	40.8032	1.5023	14.5266
9.5181	0.8515	42.3268	1.3407	13.1675


