Metric: | MAE	| NMAE	| RMSE	| MRE	| NPRE	
==========================================
UMEAN
Avg:	14.7534	1.3251	52.0180	3.9655	24.4680
Std:	0.0607	0.0110	0.6656	0.0629	0.4117
==========================================
IMEAN
Avg:	7.7427	0.6954	40.1866	0.5510	7.1725
Std:	0.0376	0.0041	0.5935	0.0017	0.0529
==========================================
UPCC
Avg:	8.7596	0.7867	37.1826	1.4849	15.7052
Std:	0.1042	0.0102	0.7066	0.0534	0.2948
==========================================
IPCC
Avg:	9.1589	0.8226	40.5418	0.7470	10.8938
Std:	0.1438	0.0130	0.5315	0.0068	0.2053
==========================================
UIPCC
Avg:	8.6799	0.7796	38.4417	1.3175	14.0003
Std:	0.1082	0.0101	0.6467	0.0318	0.2091
==========================================


Detailed results for 20 rounds:
==========================================
UMEAN
==========================================
14.6176	1.3009	53.4984	3.8214	23.6008
14.7341	1.3215	50.9847	3.9252	24.3762
14.8108	1.3333	52.0250	4.0026	24.9105
14.7582	1.3240	52.9653	3.9378	24.7029
14.6938	1.3167	52.1728	3.9202	23.8949
14.7434	1.3241	52.4511	3.9885	24.5871
14.6674	1.3090	52.8895	3.9042	24.3563
14.7730	1.3280	52.0872	3.9710	24.6422
14.8492	1.3444	51.5795	4.1064	25.2527
14.7356	1.3248	52.0720	3.9593	24.1704
14.8994	1.3504	51.1380	4.0119	25.3727
14.7637	1.3289	50.9597	4.0367	24.5059
14.7216	1.3185	52.5700	3.9369	24.0660
14.7656	1.3261	51.5140	3.9435	24.1651
14.7691	1.3278	52.0137	4.0527	24.3003
14.7141	1.3187	52.0333	3.9721	24.3040
14.7584	1.3271	51.4318	3.9854	24.3579
14.7701	1.3276	51.7411	3.9308	24.5762
14.8159	1.3366	51.5512	4.0238	24.8281
14.7071	1.3135	52.6824	3.8806	24.3891


IMEAN
==========================================
7.7631	0.6909	41.3820	0.5526	7.1658
7.7561	0.6956	39.1958	0.5531	7.2511
7.7434	0.6971	40.3734	0.5481	7.1345
7.7669	0.6968	41.1478	0.5508	7.1966
7.7052	0.6905	40.2288	0.5508	7.1640
7.7938	0.6999	40.6486	0.5489	7.0783
7.7436	0.6911	40.9285	0.5525	7.2443
7.8160	0.7026	40.2165	0.5507	7.1290
7.6928	0.6965	39.7661	0.5521	7.1046
7.7282	0.6948	40.0915	0.5530	7.2014
7.7258	0.7002	39.4911	0.5484	7.1116
7.7598	0.6985	39.2652	0.5514	7.2587
7.7381	0.6931	40.5404	0.5540	7.1871
7.7580	0.6967	39.7826	0.5488	7.1074
7.7224	0.6943	40.7864	0.5501	7.1871
7.7044	0.6905	39.9786	0.5514	7.2307
7.6807	0.6907	39.5648	0.5503	7.1164
7.8257	0.7034	39.9648	0.5513	7.2345
7.7203	0.6965	39.8276	0.5526	7.1755
7.7097	0.6885	40.5517	0.5487	7.1720


UPCC
==========================================
8.6866	0.7731	38.4017	1.4294	15.1480
8.9377	0.8016	36.3762	1.4830	15.8472
8.8207	0.7941	37.3186	1.5532	15.8090
8.8678	0.7956	38.4392	1.5173	15.9691
8.7371	0.7830	36.9214	1.5430	15.6553
8.7893	0.7893	37.5651	1.5011	15.8132
8.6888	0.7754	38.1145	1.3983	15.8997
8.7132	0.7833	37.3010	1.4238	15.5360
8.7028	0.7879	36.7197	1.4613	16.0103
8.7104	0.7831	37.3371	1.5035	15.2717
8.8527	0.8024	36.2809	1.5293	15.8227
8.7056	0.7836	36.6506	1.4544	15.4214
8.9162	0.7986	37.9278	1.5277	15.8836
8.6584	0.7776	36.1514	1.4231	15.5735
8.8265	0.7936	37.9574	1.5427	16.0216
8.7196	0.7815	36.8541	1.4912	15.6764
8.4713	0.7618	36.1968	1.3707	15.0472
8.8786	0.7980	37.1657	1.5677	15.6241
8.7743	0.7915	36.5144	1.5071	16.2117
8.7348	0.7801	37.4575	1.4710	15.8633


IPCC
==========================================
9.1270	0.8123	41.4447	0.7491	10.9731
9.3006	0.8341	39.9800	0.7473	11.0526
9.1053	0.8197	40.5960	0.7454	10.6821
9.2356	0.8286	41.2753	0.7539	11.1203
8.9782	0.8046	40.0744	0.7445	10.7776
9.2607	0.8317	40.9593	0.7432	10.8628
9.2697	0.8273	41.3435	0.7548	11.2600
9.2597	0.8324	40.6096	0.7504	10.7966
8.8448	0.8008	39.7403	0.7412	10.4206
9.1353	0.8213	40.5070	0.7508	10.8896
9.3441	0.8469	40.0439	0.7511	11.0192
9.1970	0.8278	40.0802	0.7389	10.9295
9.3479	0.8372	41.2343	0.7641	11.1585
9.2953	0.8348	40.6024	0.7440	10.8931
8.9538	0.8050	41.0456	0.7384	10.5876
8.9420	0.8014	39.9812	0.7373	10.7065
9.0220	0.8113	39.9279	0.7393	10.6831
9.2982	0.8357	40.2774	0.7510	11.1330
9.1408	0.8246	40.1474	0.7544	11.0168
9.1193	0.8144	40.9660	0.7401	10.9135


UIPCC
==========================================
8.6391	0.7689	39.6355	1.2944	13.8070
8.8295	0.7919	37.6154	1.3378	14.1161
8.6634	0.7799	38.5498	1.3460	14.0023
8.7716	0.7870	39.5210	1.3360	14.3691
8.5617	0.7672	38.1276	1.3369	13.8828
8.7498	0.7858	38.9344	1.3146	14.0845
8.7104	0.7773	39.3356	1.2814	14.2666
8.7277	0.7846	38.5570	1.2873	13.7839
8.4757	0.7674	37.8353	1.2894	13.7763
8.6478	0.7775	38.4604	1.3279	13.9592
8.8243	0.7998	37.5748	1.3503	14.1344
8.6821	0.7815	37.8028	1.2899	13.8992
8.8569	0.7933	39.0928	1.3699	14.2958
8.7106	0.7823	37.9159	1.3015	13.8649
8.5858	0.7719	39.1384	1.3279	13.7976
8.5436	0.7657	38.0582	1.2993	13.7658
8.4852	0.7630	37.6559	1.2410	13.6376
8.8098	0.7918	38.2693	1.3599	14.1761
8.6748	0.7826	37.9240	1.3563	14.3166
8.6472	0.7723	38.8301	1.3023	14.0700


