Metric: | MAE	| NMAE	| RMSE	| MRE	| NPRE	
==========================================
UMEAN
Avg:	14.7448	1.3240	52.1389	3.9253	24.5162
Std:	0.0662	0.0090	0.4444	0.0639	0.3834
==========================================
IMEAN
Avg:	7.8447	0.7044	40.6969	0.5521	7.1037
Std:	0.0471	0.0041	0.4645	0.0014	0.0583
==========================================
UPCC
Avg:	9.2395	0.8296	38.9464	1.5670	15.7927
Std:	0.1039	0.0096	0.4457	0.0571	0.3468
==========================================
IPCC
Avg:	9.3631	0.8407	41.1567	0.7698	11.1142
Std:	0.0781	0.0077	0.3474	0.0063	0.1643
==========================================
UIPCC
Avg:	9.0284	0.8107	39.7285	1.3694	14.1328
Std:	0.0738	0.0071	0.4438	0.0333	0.2260
==========================================


Detailed results for 20 rounds:
==========================================
UMEAN
==========================================
14.6155	1.3068	52.7422	3.8302	23.8024
14.7119	1.3192	51.5788	3.8781	24.4813
14.7957	1.3306	52.3303	3.8973	25.0048
14.7690	1.3265	52.5512	3.9642	24.9574
14.6642	1.3144	51.7904	3.9086	24.1414
14.7270	1.3226	52.5695	3.9546	24.6073
14.6876	1.3154	52.7598	3.8871	24.5421
14.7215	1.3208	51.8697	3.9018	24.7200
14.8569	1.3389	51.6529	4.0491	25.2073
14.8272	1.3360	51.5324	3.9813	24.8137
14.8775	1.3408	52.0273	3.9526	25.1368
14.7665	1.3288	52.0403	4.0213	24.3377
14.6978	1.3160	52.6709	3.8978	24.1860
14.8185	1.3330	51.3037	3.9582	24.5096
14.7467	1.3247	52.4560	4.0496	24.4467
14.6974	1.3189	52.1158	3.8828	23.9128
14.7781	1.3293	51.5689	3.9338	24.6165
14.7439	1.3243	52.2284	3.8420	24.6214
14.7364	1.3225	52.4386	3.8825	24.2766
14.6573	1.3100	52.5505	3.8323	24.0013


IMEAN
==========================================
7.8424	0.7012	41.0150	0.5525	7.0913
7.8130	0.7006	39.8815	0.5527	7.1680
7.8564	0.7065	40.7284	0.5501	7.0618
7.8400	0.7042	40.9256	0.5518	7.1123
7.8255	0.7014	40.2602	0.5507	7.0513
7.9239	0.7116	41.1326	0.5530	7.1144
7.9019	0.7077	41.6514	0.5539	7.2181
7.8748	0.7065	40.0814	0.5541	7.0503
7.7852	0.7016	40.0784	0.5512	7.0655
7.8327	0.7058	40.1995	0.5536	7.1333
7.8409	0.7066	40.5715	0.5506	7.0633
7.8126	0.7031	40.6323	0.5519	7.1675
7.9003	0.7074	41.4493	0.5547	7.1182
7.8539	0.7065	40.1320	0.5520	7.0267
7.7389	0.6952	40.8454	0.5519	7.1163
7.8505	0.7045	40.6958	0.5534	7.0901
7.7914	0.7008	40.7437	0.5510	7.0600
7.9443	0.7135	40.8077	0.5523	7.2379
7.8232	0.7021	41.0721	0.5508	7.0114
7.8412	0.7008	41.0337	0.5497	7.1167


UPCC
==========================================
9.1732	0.8202	39.1611	1.5184	15.4253
9.2617	0.8305	38.4445	1.5139	15.1974
9.2995	0.8363	38.7397	1.6160	15.9989
9.1696	0.8236	38.8034	1.5847	16.1859
9.1821	0.8230	38.3544	1.5713	16.0065
9.3105	0.8361	39.3189	1.5403	16.1027
9.1783	0.8220	39.8856	1.4877	15.5596
9.2665	0.8314	38.5431	1.5166	15.7657
9.1623	0.8257	38.4858	1.5206	15.8876
9.3512	0.8426	38.7329	1.6653	15.8074
9.3818	0.8455	38.7758	1.6426	15.9878
9.2010	0.8280	39.2163	1.5869	15.4887
9.4846	0.8492	39.9058	1.6153	16.4442
9.2818	0.8350	38.2595	1.6377	16.0019
9.1157	0.8189	39.0742	1.6185	16.0931
9.1647	0.8224	39.0391	1.5022	15.2399
9.0270	0.8120	38.6658	1.4780	15.0851
9.3724	0.8418	39.0679	1.5873	15.8511
9.1767	0.8236	39.0691	1.6292	15.8153
9.2299	0.8249	39.3855	1.5079	15.9096


IPCC
==========================================
9.3368	0.8348	41.3041	0.7699	11.0399
9.3390	0.8375	40.5131	0.7684	11.1496
9.4001	0.8454	41.0804	0.7630	10.9573
9.4135	0.8455	41.2223	0.7793	11.4930
9.3373	0.8369	40.8784	0.7559	10.9299
9.4344	0.8473	41.4376	0.7677	11.2440
9.3916	0.8411	41.9168	0.7772	11.3274
9.4466	0.8475	40.9141	0.7669	11.1211
9.3147	0.8395	40.3612	0.7706	11.1019
9.4704	0.8533	41.0361	0.7815	11.2465
9.3469	0.8424	40.9204	0.7680	11.0103
9.3825	0.8443	41.2312	0.7684	11.1040
9.3517	0.8373	41.6300	0.7811	11.1943
9.5019	0.8548	41.0489	0.7703	11.2369
9.2121	0.8275	41.2235	0.7711	11.0091
9.1832	0.8241	41.0951	0.7636	10.7530
9.3048	0.8370	41.2729	0.7727	10.9708
9.4389	0.8478	41.1087	0.7694	11.2949
9.3630	0.8403	41.3952	0.7685	11.1396
9.2918	0.8304	41.5431	0.7617	10.9610


UIPCC
==========================================
8.9918	0.8040	39.9896	1.3498	13.9571
9.0247	0.8093	39.0421	1.3507	13.9050
9.0568	0.8145	39.5970	1.3842	14.1221
9.0335	0.8114	39.7668	1.3783	14.6143
8.9828	0.8052	39.2714	1.3577	14.2314
9.1037	0.8176	40.1454	1.3561	14.4098
9.0327	0.8089	40.6941	1.3336	14.1211
9.0882	0.8154	39.3367	1.3474	14.0848
8.9710	0.8085	38.9755	1.3574	14.0543
9.1298	0.8226	39.4409	1.4550	14.2869
9.0751	0.8179	39.5522	1.4020	14.2402
9.0249	0.8122	39.8621	1.3726	13.9344
9.1200	0.8166	40.5306	1.4035	14.4688
9.1142	0.8199	39.1735	1.4143	14.1818
8.8927	0.7988	39.8776	1.3886	14.1268
8.8958	0.7983	39.7645	1.3264	13.6448
8.9035	0.8009	39.6546	1.3242	13.7906
9.1294	0.8200	39.7856	1.3768	14.2840
9.0077	0.8084	39.9627	1.3909	14.2426
8.9891	0.8034	40.1467	1.3187	13.9549


