Metric: | MAE	| NMAE	| RMSE	| MRE	| NPRE	
==========================================
UMEAN
Avg:	1.3920	0.9831	2.7277	1.7087	11.1755
Std:	0.0112	0.0072	0.0119	0.0322	0.1901
==========================================
IMEAN
Avg:	1.2555	0.8867	2.4818	0.9120	7.8876
Std:	0.0109	0.0080	0.0140	0.0053	0.1707
==========================================
UPCC
Avg:	1.0586	0.7477	2.0681	0.9129	8.2427
Std:	0.0118	0.0083	0.0147	0.0108	0.2131
==========================================
IPCC
Avg:	1.0803	0.7630	2.1675	0.7869	6.7543
Std:	0.0094	0.0067	0.0146	0.0047	0.1531
==========================================
UIPCC
Avg:	1.0367	0.7322	2.0479	0.9065	7.8368
Std:	0.0107	0.0076	0.0137	0.0132	0.1817
==========================================


Detailed results for 20 rounds:
==========================================
UMEAN
==========================================
1.4090	0.9949	2.7362	1.7401	11.4575
1.3870	0.9845	2.7014	1.7520	11.3325
1.3773	0.9744	2.7198	1.6783	11.0171
1.3785	0.9708	2.7350	1.6774	10.7796
1.4156	0.9982	2.7444	1.7703	11.6424
1.3820	0.9810	2.7045	1.6918	11.0562
1.3988	0.9859	2.7367	1.6999	11.1547
1.3897	0.9836	2.7201	1.7103	11.2463
1.3836	0.9793	2.7187	1.6897	11.0021
1.3960	0.9841	2.7358	1.6929	11.1710
1.4128	0.9955	2.7417	1.7594	11.4037
1.3775	0.9742	2.7187	1.6714	11.0620
1.3928	0.9865	2.7166	1.7425	11.2618
1.3926	0.9816	2.7383	1.6885	11.1027
1.4065	0.9898	2.7413	1.7559	11.2869
1.3891	0.9810	2.7266	1.6818	11.0909
1.3838	0.9757	2.7334	1.6798	11.0228
1.3879	0.9802	2.7255	1.6699	11.0760
1.3855	0.9760	2.7367	1.6965	11.0336
1.3938	0.9855	2.7229	1.7258	11.3111


IMEAN
==========================================
1.2667	0.8945	2.4992	0.9183	7.8646
1.2490	0.8866	2.4722	0.9138	7.9116
1.2567	0.8891	2.4808	0.9068	8.1261
1.2393	0.8728	2.4707	0.9046	7.5457
1.2543	0.8844	2.4879	0.9123	7.8607
1.2400	0.8803	2.4648	0.9061	7.7244
1.2756	0.8990	2.4937	0.9183	8.1785
1.2681	0.8976	2.4917	0.9181	8.1629
1.2533	0.8870	2.4707	0.9143	7.9317
1.2441	0.8770	2.4778	0.9070	7.7202
1.2657	0.8919	2.4867	0.9186	8.0768
1.2589	0.8904	2.4772	0.9212	7.9243
1.2542	0.8884	2.4849	0.9113	7.7991
1.2485	0.8800	2.4723	0.9148	7.6742
1.2413	0.8735	2.4690	0.9024	7.6172
1.2780	0.9025	2.5194	0.9160	7.9771
1.2478	0.8798	2.4623	0.9076	7.8968
1.2487	0.8819	2.4703	0.9066	7.8585
1.2613	0.8885	2.5039	0.9102	7.8822
1.2584	0.8899	2.4812	0.9124	8.0193


UPCC
==========================================
1.0807	0.7631	2.0896	0.9240	8.6901
1.0474	0.7434	2.0568	0.9066	8.1543
1.0565	0.7475	2.0669	0.9114	8.1292
1.0294	0.7249	2.0565	0.8909	7.7165
1.0750	0.7580	2.0872	0.9292	8.5346
1.0521	0.7468	2.0502	0.9060	8.2053
1.0681	0.7528	2.0807	0.9267	8.2645
1.0625	0.7521	2.0691	0.9095	8.3665
1.0508	0.7437	2.0553	0.9064	8.0601
1.0497	0.7399	2.0653	0.9208	7.9959
1.0735	0.7564	2.0807	0.9281	8.5220
1.0575	0.7479	2.0687	0.8901	8.2661
1.0552	0.7474	2.0638	0.9206	8.1576
1.0594	0.7468	2.0572	0.9165	8.3660
1.0567	0.7436	2.0503	0.9073	8.2899
1.0788	0.7618	2.1071	0.9166	8.3580
1.0512	0.7412	2.0618	0.9127	8.0195
1.0591	0.7479	2.0517	0.9186	8.3524
1.0510	0.7404	2.0780	0.9004	8.0746
1.0582	0.7483	2.0650	0.9157	8.3301


IPCC
==========================================
1.0878	0.7682	2.1801	0.7945	6.7513
1.0700	0.7595	2.1513	0.7831	6.6943
1.0786	0.7631	2.1623	0.7842	6.9309
1.0647	0.7498	2.1535	0.7773	6.4515
1.0798	0.7614	2.1795	0.7825	6.7443
1.0690	0.7588	2.1511	0.7838	6.5376
1.0956	0.7721	2.1752	0.7940	6.9698
1.0894	0.7711	2.1834	0.7886	6.9473
1.0770	0.7623	2.1603	0.7903	6.7467
1.0752	0.7580	2.1686	0.7850	6.6422
1.0960	0.7723	2.1787	0.7956	7.0027
1.0859	0.7680	2.1698	0.7931	6.8812
1.0815	0.7660	2.1699	0.7887	6.7415
1.0668	0.7520	2.1515	0.7856	6.5263
1.0714	0.7540	2.1535	0.7837	6.5451
1.0963	0.7742	2.2023	0.7857	6.8035
1.0769	0.7593	2.1505	0.7897	6.7982
1.0743	0.7587	2.1532	0.7833	6.7173
1.0860	0.7650	2.1905	0.7869	6.7605
1.0833	0.7660	2.1657	0.7829	6.8943


UIPCC
==========================================
1.0552	0.7451	2.0660	0.9225	8.1816
1.0256	0.7280	2.0362	0.8987	7.8017
1.0356	0.7327	2.0465	0.9045	7.7830
1.0106	0.7117	2.0364	0.8763	7.3499
1.0497	0.7402	2.0662	0.9247	8.1049
1.0288	0.7303	2.0321	0.8937	7.7521
1.0470	0.7379	2.0588	0.9242	7.9190
1.0416	0.7373	2.0517	0.9027	7.9489
1.0299	0.7289	2.0364	0.9020	7.6597
1.0284	0.7250	2.0471	0.9131	7.6493
1.0516	0.7410	2.0570	0.9265	8.1166
1.0369	0.7333	2.0490	0.8821	7.8548
1.0344	0.7327	2.0462	0.9155	7.7976
1.0346	0.7293	2.0355	0.9076	7.8765
1.0332	0.7271	2.0309	0.9009	7.8260
1.0556	0.7455	2.0845	0.9131	7.9367
1.0304	0.7265	2.0381	0.9048	7.6811
1.0363	0.7319	2.0342	0.9114	7.9000
1.0317	0.7267	2.0606	0.8940	7.7192
1.0367	0.7330	2.0448	0.9119	7.8768


