Metric: | MAE	| NMAE	| RMSE	| MRE	| NPRE	
==========================================
UMEAN
Avg:	1.1352	0.8815	2.2425	1.3830	8.7343
Std:	0.0021	0.0024	0.0037	0.0148	0.0850
==========================================
IMEAN
Avg:	1.1608	0.9014	2.2253	1.1985	7.5669
Std:	0.0034	0.0040	0.0049	0.0159	0.0867
==========================================
UPCC
Avg:	0.7776	0.6038	1.7044	0.5621	4.3604
Std:	0.0033	0.0028	0.0070	0.0081	0.0858
==========================================
IPCC
Avg:	0.9230	0.7168	1.8273	0.7991	5.8727
Std:	0.0036	0.0037	0.0043	0.0050	0.0878
==========================================
UIPCC
Avg:	0.7830	0.6080	1.7063	0.5731	4.5407
Std:	0.0027	0.0026	0.0065	0.0065	0.0790
==========================================


Detailed results for 20 rounds:
==========================================
UMEAN
==========================================
1.1359	0.8845	2.2348	1.3788	8.7469
1.1359	0.8811	2.2484	1.3890	8.6817
1.1402	0.8863	2.2357	1.4189	8.9560
1.1307	0.8786	2.2429	1.3734	8.7372
1.1334	0.8798	2.2456	1.3629	8.6739
1.1384	0.8829	2.2442	1.3894	8.6957
1.1345	0.8819	2.2420	1.3902	8.8490
1.1328	0.8801	2.2439	1.3690	8.6031
1.1350	0.8786	2.2477	1.3691	8.6170
1.1365	0.8830	2.2466	1.3948	8.7097
1.1340	0.8788	2.2459	1.3609	8.6292
1.1319	0.8774	2.2447	1.3698	8.7129
1.1381	0.8859	2.2400	1.4095	8.8435
1.1345	0.8837	2.2383	1.3828	8.7817
1.1358	0.8817	2.2387	1.3773	8.7490
1.1366	0.8804	2.2440	1.3845	8.7472
1.1352	0.8830	2.2402	1.3937	8.6805
1.1345	0.8790	2.2452	1.3676	8.7986
1.1355	0.8811	2.2411	1.3834	8.6676
1.1352	0.8829	2.2410	1.3953	8.8056


IMEAN
==========================================
1.1620	0.9048	2.2193	1.2022	7.6248
1.1599	0.8997	2.2327	1.1975	7.5119
1.1578	0.9000	2.2309	1.1931	7.4840
1.1643	0.9048	2.2219	1.2101	7.6497
1.1572	0.8983	2.2213	1.1879	7.5399
1.1585	0.8984	2.2279	1.2058	7.5408
1.1624	0.9035	2.2231	1.2139	7.6228
1.1640	0.9043	2.2163	1.2091	7.6406
1.1570	0.8956	2.2349	1.1618	7.4433
1.1574	0.8992	2.2253	1.1872	7.5404
1.1613	0.9000	2.2311	1.1994	7.5574
1.1604	0.8994	2.2270	1.2060	7.5161
1.1640	0.9061	2.2236	1.2159	7.6337
1.1692	0.9108	2.2244	1.2308	7.7737
1.1607	0.9011	2.2287	1.1857	7.5916
1.1571	0.8963	2.2300	1.1854	7.4440
1.1636	0.9051	2.2252	1.1970	7.6395
1.1573	0.8967	2.2237	1.1743	7.4694
1.1563	0.8973	2.2173	1.1882	7.4479
1.1650	0.9061	2.2220	1.2194	7.6659


UPCC
==========================================
0.7816	0.6086	1.6995	0.5713	4.3918
0.7813	0.6060	1.7181	0.5755	4.3929
0.7752	0.6025	1.7103	0.5586	4.2149
0.7712	0.5993	1.6990	0.5520	4.1894
0.7791	0.6048	1.6987	0.5661	4.4732
0.7812	0.6058	1.6994	0.5748	4.4690
0.7766	0.6036	1.7039	0.5526	4.3655
0.7749	0.6020	1.6920	0.5569	4.3028
0.7787	0.6028	1.7229	0.5531	4.3245
0.7778	0.6043	1.7039	0.5662	4.4044
0.7786	0.6034	1.7078	0.5685	4.3496
0.7737	0.5998	1.7004	0.5663	4.3156
0.7727	0.6015	1.7049	0.5476	4.2055
0.7823	0.6094	1.7013	0.5718	4.4731
0.7802	0.6057	1.7082	0.5598	4.4210
0.7804	0.6045	1.7082	0.5667	4.4821
0.7766	0.6041	1.7065	0.5537	4.3529
0.7729	0.5989	1.6974	0.5543	4.2990
0.7763	0.6024	1.6993	0.5612	4.3682
0.7809	0.6074	1.7063	0.5644	4.4122


IPCC
==========================================
0.9242	0.7197	1.8227	0.8011	5.9149
0.9193	0.7131	1.8310	0.7947	5.7970
0.9171	0.7128	1.8255	0.7924	5.7521
0.9238	0.7179	1.8246	0.8021	5.8921
0.9228	0.7164	1.8255	0.7942	5.8645
0.9205	0.7139	1.8268	0.8011	5.8169
0.9231	0.7175	1.8272	0.7998	5.9829
0.9262	0.7196	1.8216	0.8031	5.9720
0.9199	0.7121	1.8395	0.7931	5.7136
0.9195	0.7144	1.8237	0.7985	5.8332
0.9218	0.7144	1.8298	0.7936	5.8347
0.9197	0.7129	1.8230	0.8006	5.7992
0.9269	0.7215	1.8271	0.8052	5.9527
0.9309	0.7251	1.8292	0.8088	6.0841
0.9279	0.7203	1.8355	0.8042	5.9223
0.9188	0.7117	1.8231	0.7919	5.8159
0.9241	0.7188	1.8295	0.7989	5.8845
0.9231	0.7153	1.8266	0.7934	5.8685
0.9218	0.7153	1.8250	0.7983	5.7873
0.9293	0.7227	1.8284	0.8067	5.9658


UIPCC
==========================================
0.7865	0.6124	1.7013	0.5824	4.5904
0.7853	0.6091	1.7183	0.5834	4.5366
0.7805	0.6067	1.7116	0.5688	4.4089
0.7785	0.6049	1.7019	0.5712	4.3932
0.7840	0.6085	1.7016	0.5721	4.6250
0.7853	0.6090	1.7026	0.5810	4.6144
0.7825	0.6083	1.7062	0.5662	4.5656
0.7811	0.6068	1.6946	0.5704	4.5106
0.7834	0.6064	1.7243	0.5643	4.4706
0.7823	0.6078	1.7056	0.5747	4.5830
0.7838	0.6074	1.7096	0.5793	4.5232
0.7796	0.6043	1.7027	0.5743	4.5039
0.7794	0.6067	1.7062	0.5640	4.4260
0.7884	0.6142	1.7038	0.5851	4.6913
0.7857	0.6100	1.7110	0.5695	4.5882
0.7844	0.6076	1.7088	0.5752	4.6498
0.7825	0.6087	1.7085	0.5662	4.5347
0.7792	0.6038	1.7001	0.5667	4.4739
0.7811	0.6062	1.7014	0.5676	4.5111
0.7866	0.6118	1.7069	0.5787	4.6133


