Metric: | MAE	| NMAE	| RMSE	| MRE	| NPRE	
==========================================
UMEAN
Avg:	1.1154	0.8956	2.2103	1.4013	8.7137
Std:	0.0058	0.0049	0.0056	0.0249	0.1480
==========================================
IMEAN
Avg:	1.1347	0.9111	2.2447	0.8802	7.1130
Std:	0.0088	0.0074	0.0081	0.0069	0.1529
==========================================
UPCC
Avg:	0.8766	0.7038	1.7942	0.7437	6.1372
Std:	0.0077	0.0066	0.0080	0.0122	0.1333
==========================================
IPCC
Avg:	0.9679	0.7771	1.9158	0.7556	6.0568
Std:	0.0088	0.0074	0.0104	0.0078	0.1270
==========================================
UIPCC
Avg:	0.8732	0.7011	1.7888	0.7282	6.0342
Std:	0.0075	0.0064	0.0080	0.0121	0.1247
==========================================


Detailed results for 20 rounds:
==========================================
UMEAN
==========================================
1.1163	0.8941	2.2163	1.4031	8.7571
1.1151	0.8939	2.2176	1.3790	8.6464
1.1144	0.8971	2.2025	1.4068	8.7504
1.1077	0.8892	2.2084	1.3638	8.5977
1.1079	0.8916	2.2001	1.3966	8.6743
1.1128	0.8928	2.2125	1.3911	8.7076
1.1130	0.8938	2.2160	1.3899	8.5647
1.1050	0.8860	2.2135	1.3565	8.4891
1.1147	0.8943	2.2112	1.3842	8.7287
1.1112	0.8915	2.2152	1.3773	8.5397
1.1116	0.8934	2.2047	1.3939	8.5709
1.1254	0.9029	2.2097	1.4514	8.9434
1.1166	0.8967	2.2069	1.4014	8.7565
1.1204	0.8993	2.2125	1.4241	8.8832
1.1278	0.9045	2.2123	1.4374	8.9629
1.1188	0.8998	2.2088	1.3900	8.6504
1.1249	0.9045	2.2034	1.4451	9.0759
1.1143	0.8935	2.2188	1.3969	8.6881
1.1176	0.9000	2.2005	1.4303	8.6556
1.1120	0.8920	2.2154	1.4078	8.6310


IMEAN
==========================================
1.1311	0.9059	2.2494	0.8695	7.0408
1.1383	0.9125	2.2529	0.8765	7.1875
1.1359	0.9144	2.2313	0.8882	7.1777
1.1263	0.9041	2.2390	0.8750	6.9561
1.1196	0.9011	2.2314	0.8763	6.8490
1.1377	0.9128	2.2593	0.8808	7.0937
1.1436	0.9184	2.2579	0.8801	7.1921
1.1343	0.9095	2.2407	0.8775	7.2015
1.1278	0.9048	2.2497	0.8718	7.0087
1.1403	0.9148	2.2482	0.8812	7.1780
1.1337	0.9111	2.2478	0.8835	7.0231
1.1242	0.9019	2.2452	0.8721	7.0006
1.1457	0.9201	2.2505	0.8851	7.2548
1.1331	0.9096	2.2424	0.8819	7.1212
1.1390	0.9134	2.2446	0.8873	7.1796
1.1568	0.9303	2.2541	0.8978	7.4810
1.1227	0.9028	2.2369	0.8740	6.9382
1.1284	0.9048	2.2356	0.8784	6.9131
1.1449	0.9220	2.2340	0.8908	7.3886
1.1308	0.9071	2.2435	0.8772	7.0743


UPCC
==========================================
0.8697	0.6966	1.7910	0.7319	6.0134
0.8794	0.7050	1.7955	0.7383	6.1960
0.8846	0.7122	1.7863	0.7639	6.3794
0.8718	0.6998	1.7889	0.7276	6.1047
0.8664	0.6973	1.7849	0.7374	5.9186
0.8798	0.7058	1.8076	0.7458	6.0923
0.8786	0.7056	1.8040	0.7456	6.1163
0.8714	0.6987	1.7885	0.7341	5.9991
0.8842	0.7094	1.7959	0.7539	6.3186
0.8728	0.7002	1.7935	0.7383	6.0860
0.8718	0.7007	1.7930	0.7395	6.0647
0.8745	0.7016	1.7945	0.7400	6.2018
0.8856	0.7112	1.8005	0.7554	6.1944
0.8716	0.6996	1.8039	0.7227	6.0586
0.8898	0.7136	1.7992	0.7665	6.4009
0.8912	0.7167	1.8095	0.7571	6.2558
0.8810	0.7084	1.7944	0.7604	6.2385
0.8666	0.6949	1.7788	0.7429	5.9991
0.8783	0.7073	1.7818	0.7446	6.1664
0.8625	0.6919	1.7917	0.7276	5.9389


IPCC
==========================================
0.9591	0.7682	1.9166	0.7435	5.9383
0.9798	0.7855	1.9299	0.7558	6.2153
0.9677	0.7790	1.8998	0.7638	6.1377
0.9555	0.7670	1.9031	0.7438	5.8690
0.9562	0.7696	1.8993	0.7531	5.8795
0.9699	0.7782	1.9314	0.7536	6.0464
0.9715	0.7802	1.9262	0.7554	6.0469
0.9590	0.7689	1.9040	0.7470	5.9741
0.9712	0.7792	1.9272	0.7508	6.1100
0.9730	0.7806	1.9218	0.7558	6.1022
0.9688	0.7787	1.9177	0.7621	6.0014
0.9663	0.7752	1.9202	0.7509	6.0467
0.9785	0.7858	1.9260	0.7621	6.1424
0.9602	0.7708	1.9116	0.7511	6.0217
0.9735	0.7807	1.9204	0.7600	6.1380
0.9889	0.7953	1.9275	0.7769	6.3375
0.9642	0.7753	1.9133	0.7552	6.0302
0.9603	0.7700	1.9041	0.7531	5.8757
0.9763	0.7862	1.9040	0.7668	6.2872
0.9577	0.7683	1.9115	0.7513	5.9365


UIPCC
==========================================
0.8668	0.6943	1.7880	0.7145	5.9182
0.8780	0.7038	1.7918	0.7246	6.1563
0.8792	0.7078	1.7790	0.7480	6.2343
0.8671	0.6961	1.7823	0.7081	5.9621
0.8632	0.6947	1.7784	0.7208	5.8239
0.8766	0.7033	1.8029	0.7309	6.0425
0.8751	0.7027	1.7985	0.7288	6.0095
0.8674	0.6954	1.7831	0.7150	5.8943
0.8798	0.7058	1.7924	0.7365	6.2032
0.8709	0.6987	1.7899	0.7234	5.9987
0.8696	0.6989	1.7885	0.7255	5.9772
0.8707	0.6985	1.7891	0.7250	6.0738
0.8822	0.7085	1.7954	0.7426	6.1060
0.8680	0.6967	1.7960	0.7114	5.9647
0.8852	0.7099	1.7941	0.7493	6.2600
0.8883	0.7144	1.8010	0.7448	6.1471
0.8764	0.7047	1.7895	0.7425	6.1048
0.8634	0.6923	1.7743	0.7248	5.8847
0.8761	0.7055	1.7749	0.7325	6.0766
0.8602	0.6900	1.7866	0.7158	5.8459


