Metric: | MAE	| NMAE	| RMSE	| MRE	| NPRE	
==========================================
UMEAN
Avg:	14.6466	1.3224	53.2993	3.9234	23.8822
Std:	0.0145	0.0094	1.3953	0.0425	0.2777
==========================================
IMEAN
Avg:	7.5499	0.6817	41.2790	0.5422	6.7341
Std:	0.0416	0.0033	1.3387	0.0013	0.0489
==========================================
UPCC
Avg:	8.0258	0.7246	35.8304	1.2700	15.4080
Std:	0.0887	0.0092	1.6050	0.0684	0.2619
==========================================
IPCC
Avg:	7.9408	0.7170	39.0133	0.6314	8.6135
Std:	0.0645	0.0061	1.6892	0.0052	0.1038
==========================================
UIPCC
Avg:	7.5950	0.6857	36.8126	1.0983	12.2973
Std:	0.0544	0.0054	1.7315	0.0392	0.1502
==========================================


Detailed results for 20 rounds:
==========================================
UMEAN
==========================================
14.6187	1.3094	55.3914	3.8423	23.2363
14.6454	1.3139	54.3967	3.9479	23.8094
14.6398	1.3351	52.2444	3.9690	24.1206
14.6418	1.3243	52.1733	3.9572	24.0423
14.6265	1.3191	53.5147	3.9253	23.8657
14.6566	1.3197	53.6571	3.8826	23.8821
14.6339	1.3146	55.3630	3.9149	23.7929
14.6606	1.3224	53.9754	3.9382	23.8421
14.6556	1.3262	51.7754	3.9279	24.0651
14.6631	1.3412	50.9741	4.0029	24.4173
14.6516	1.3347	51.0683	3.9637	24.1127
14.6718	1.3259	52.9848	3.9173	24.1165
14.6555	1.3317	51.0206	3.9415	24.2650
14.6497	1.3255	53.0100	3.9329	23.8335
14.6277	1.3146	54.4405	3.9089	23.6456
14.6403	1.3173	54.2275	3.8647	23.7166
14.6283	1.3115	55.2433	3.8899	23.6012
14.6664	1.3373	52.9917	3.9963	24.1427
14.6381	1.3094	54.6414	3.8790	23.4600
14.6602	1.3150	52.8931	3.8664	23.6761


IMEAN
==========================================
7.5908	0.6799	43.4860	0.5425	6.7101
7.5405	0.6765	42.6189	0.5407	6.7479
7.4750	0.6817	40.3117	0.5436	6.7320
7.5574	0.6836	40.3065	0.5426	6.7402
7.5524	0.6811	41.1912	0.5426	6.7523
7.5642	0.6811	41.6287	0.5429	6.7826
7.6075	0.6834	43.3310	0.5412	6.7883
7.4826	0.6750	41.8155	0.5417	6.6866
7.5647	0.6845	39.7401	0.5438	6.6638
7.5100	0.6869	39.0850	0.5442	6.7154
7.5204	0.6851	39.1639	0.5426	6.7073
7.5973	0.6866	41.1333	0.5412	6.7599
7.5158	0.6829	39.1674	0.5435	6.8048
7.4898	0.6777	40.8674	0.5427	6.6992
7.5702	0.6803	42.3132	0.5429	6.7056
7.6008	0.6839	42.2984	0.5423	6.8427
7.5773	0.6793	42.8949	0.5419	6.7162
7.5168	0.6854	41.2548	0.5420	6.7831
7.6178	0.6814	42.3669	0.5397	6.7132
7.5465	0.6769	40.6044	0.5392	6.6318


UPCC
==========================================
8.1555	0.7305	38.5289	1.2891	15.2325
7.9941	0.7172	37.3678	1.3198	15.2344
7.8846	0.7191	34.0745	1.3157	15.4661
7.9359	0.7178	34.2882	1.2013	15.3446
8.0084	0.7223	35.8590	1.2157	15.7052
8.0318	0.7232	36.5878	1.2646	15.1488
7.9610	0.7152	38.5339	1.2007	15.2064
8.0782	0.7287	36.4119	1.3474	15.5674
7.9953	0.7235	33.7258	1.2784	15.3126
8.0088	0.7326	33.5895	1.2854	15.6739
7.9269	0.7221	33.3286	1.2054	15.1252
8.0176	0.7246	36.1361	1.2508	15.3762
8.0652	0.7329	33.3343	1.3638	15.9564
8.1906	0.7411	35.2678	1.4233	15.6410
7.9543	0.7149	36.8233	1.2177	15.3263
8.0387	0.7233	36.7010	1.2565	15.1966
7.9458	0.7124	37.1689	1.1652	15.2898
8.2104	0.7486	36.3295	1.3533	15.9323
7.9645	0.7124	37.1865	1.1605	14.9390
8.1475	0.7308	35.3653	1.2850	15.4846


IPCC
==========================================
7.9637	0.7133	41.6449	0.6287	8.5688
7.8671	0.7058	40.2234	0.6362	8.6565
7.8429	0.7153	37.4152	0.6347	8.6193
7.8998	0.7145	37.9170	0.6267	8.4538
8.0109	0.7225	38.1973	0.6328	8.7173
8.0025	0.7206	40.0525	0.6321	8.5956
7.9823	0.7171	41.8549	0.6321	8.7448
8.0171	0.7232	40.0018	0.6426	8.8068
7.9801	0.7221	36.3223	0.6407	8.6435
7.9171	0.7242	36.2619	0.6379	8.6065
7.8573	0.7158	37.1560	0.6308	8.5339
8.0357	0.7262	39.2890	0.6288	8.6446
7.9351	0.7210	36.3795	0.6273	8.7088
7.8765	0.7126	38.1898	0.6255	8.5509
7.9941	0.7184	40.3208	0.6322	8.6750
7.8907	0.7100	39.9758	0.6200	8.4866
7.8257	0.7016	40.6644	0.6297	8.4043
7.9215	0.7223	39.2178	0.6336	8.7708
8.0287	0.7182	40.6166	0.6277	8.5568
7.9673	0.7146	38.5660	0.6276	8.5265


UIPCC
==========================================
7.6502	0.6852	39.5357	1.1073	12.1694
7.5453	0.6769	38.2745	1.1108	12.1587
7.4702	0.6813	35.1272	1.1120	12.2628
7.5328	0.6813	35.4786	1.0490	12.1172
7.6213	0.6873	36.2420	1.0837	12.4907
7.6462	0.6885	37.7646	1.0869	12.2484
7.6112	0.6837	39.7695	1.0504	12.2561
7.6620	0.6911	37.7134	1.1627	12.4390
7.6064	0.6883	34.2228	1.1121	12.2926
7.5791	0.6932	34.1300	1.1116	12.4210
7.5098	0.6841	34.6955	1.0671	12.1560
7.6421	0.6906	37.0179	1.0903	12.2425
7.5938	0.6900	34.0261	1.1439	12.6713
7.6079	0.6883	36.0050	1.1858	12.3846
7.6030	0.6833	38.0162	1.0874	12.2496
7.5672	0.6809	37.8347	1.0647	12.2016
7.5104	0.6733	38.5281	1.0479	12.1779
7.6459	0.6971	37.1518	1.1468	12.5711
7.6444	0.6838	38.3611	1.0370	12.1148
7.6506	0.6862	36.3580	1.1082	12.3198


