Metric: | MAE	| NMAE	| RMSE	| MRE	| NPRE	
==========================================
UMEAN
Avg:	15.0051	1.3336	50.5301	4.0272	24.4991
Std:	0.0664	0.0113	0.6555	0.0513	0.3793
==========================================
IMEAN
Avg:	7.7467	0.6885	38.0626	0.5477	7.0904
Std:	0.0352	0.0041	0.5482	0.0019	0.0494
==========================================
UPCC
Avg:	8.7720	0.7797	34.7043	1.5061	15.8708
Std:	0.1488	0.0154	0.6495	0.0817	0.4132
==========================================
IPCC
Avg:	9.2174	0.8192	38.2659	0.7573	10.8806
Std:	0.0682	0.0072	0.4365	0.0065	0.1637
==========================================
UIPCC
Avg:	8.7216	0.7752	36.0887	1.3483	13.7889
Std:	0.0693	0.0084	0.5709	0.0402	0.2109
==========================================


Detailed results for 20 rounds:
==========================================
UMEAN
==========================================
14.9110	1.3165	51.0562	3.9973	23.9359
15.0091	1.3347	51.0699	4.0217	24.3961
15.1793	1.3639	49.1435	4.1560	25.6930
15.0409	1.3398	49.3924	4.0478	24.7499
14.9280	1.3232	50.8587	4.0348	24.6699
14.9338	1.3223	50.8829	4.0249	24.3783
14.9801	1.3283	51.0976	4.0155	24.3966
14.9669	1.3267	50.1500	3.9520	24.0967
14.9844	1.3280	51.5988	3.9732	24.4517
15.0585	1.3436	49.9608	4.0750	24.3213
14.9777	1.3277	49.7850	3.9721	24.4855
14.9850	1.3309	50.0513	4.0164	24.3670
14.9272	1.3245	50.8269	4.0013	23.8076
15.0505	1.3417	51.1984	4.0521	24.7668
15.0841	1.3475	50.1366	4.0529	24.7830
15.0468	1.3416	49.9812	4.1187	24.6333
15.0815	1.3460	50.3498	4.0600	24.8208
15.0492	1.3385	51.1851	4.0457	24.5061
14.9769	1.3286	51.1274	3.9777	24.4016
14.9312	1.3183	50.7501	3.9484	24.3202


IMEAN
==========================================
7.7395	0.6833	38.2684	0.5454	6.9967
7.7256	0.6870	38.4103	0.5484	7.1559
7.7097	0.6927	36.8275	0.5460	7.0654
7.8087	0.6956	37.2667	0.5474	7.1436
7.6998	0.6825	38.1209	0.5488	7.1281
7.7929	0.6900	38.3619	0.5471	7.0859
7.7121	0.6838	38.3827	0.5489	7.1512
7.7303	0.6852	37.8852	0.5502	7.0157
7.7635	0.6880	38.9702	0.5474	7.1093
7.6774	0.6850	37.5863	0.5456	7.0324
7.7335	0.6855	37.3210	0.5511	7.1203
7.7556	0.6888	37.6734	0.5503	7.1459
7.7807	0.6904	38.2358	0.5506	7.1580
7.7688	0.6926	38.8419	0.5469	7.1135
7.7667	0.6938	38.0586	0.5485	7.0317
7.7100	0.6874	37.5481	0.5462	7.1053
7.8133	0.6973	38.0260	0.5442	7.0578
7.7572	0.6900	38.8216	0.5468	7.0863
7.7471	0.6872	38.5405	0.5488	7.0292
7.7425	0.6836	38.1045	0.5463	7.0766


UPCC
==========================================
8.5163	0.7519	34.6481	1.3758	15.1671
8.6875	0.7725	35.3329	1.4830	15.5638
9.0249	0.8109	33.4396	1.6200	16.6264
9.0390	0.8051	34.2171	1.5895	16.4708
8.5863	0.7611	34.6597	1.4270	16.0265
8.7744	0.7769	35.6703	1.3894	15.7801
8.5985	0.7624	35.0797	1.4654	15.4890
8.7508	0.7757	34.5846	1.4771	15.4975
8.6590	0.7674	35.5337	1.4281	15.9051
8.8028	0.7854	34.1861	1.6056	15.6751
8.9374	0.7923	34.2577	1.5492	16.3311
8.7000	0.7727	34.0727	1.4651	15.8471
8.6442	0.7670	34.8471	1.4425	15.1478
8.8615	0.7900	35.4010	1.6012	16.4539
8.9497	0.7995	34.6926	1.6122	16.0879
8.6803	0.7739	33.4087	1.5467	16.0224
8.7242	0.7786	34.2761	1.4839	15.7522
8.9546	0.7965	35.5107	1.6093	16.1318
8.8828	0.7880	35.4258	1.5626	16.0842
8.6656	0.7651	34.8413	1.3890	15.3572


IPCC
==========================================
9.1929	0.8117	38.4697	0.7574	10.8062
9.1781	0.8162	38.3994	0.7584	11.0195
9.2053	0.8271	37.2836	0.7477	10.7818
9.3240	0.8305	37.5455	0.7577	10.8759
9.1137	0.8078	38.2670	0.7596	10.8153
9.1268	0.8081	38.5715	0.7442	10.4922
9.2664	0.8217	38.5300	0.7671	10.9911
9.1688	0.8128	38.0262	0.7574	10.8533
9.2933	0.8236	39.0217	0.7651	11.1637
9.1590	0.8172	38.0845	0.7454	10.6309
9.1735	0.8132	37.6399	0.7598	10.7778
9.3374	0.8293	38.0653	0.7578	10.9727
9.2986	0.8251	38.3650	0.7660	11.1542
9.1242	0.8134	38.8178	0.7532	10.8647
9.2242	0.8240	38.1216	0.7562	10.9111
9.2483	0.8246	38.0026	0.7648	10.9465
9.2714	0.8274	38.3389	0.7512	10.7439
9.1772	0.8163	38.9587	0.7527	10.7345
9.2988	0.8249	38.6070	0.7651	11.0157
9.1659	0.8092	38.2012	0.7586	11.0620


UIPCC
==========================================
8.6040	0.7597	36.2179	1.2700	13.3866
8.6653	0.7706	36.4844	1.3224	13.6700
8.8136	0.7919	34.8562	1.3952	14.1675
8.8793	0.7909	35.3569	1.4096	14.0736
8.5960	0.7620	36.1146	1.3130	13.7831
8.6781	0.7684	36.7067	1.2791	13.4936
8.6830	0.7699	36.4470	1.3232	13.7567
8.6780	0.7693	35.8223	1.3342	13.5952
8.7194	0.7727	36.9867	1.3344	13.8966
8.6935	0.7757	35.6998	1.3866	13.5198
8.7586	0.7764	35.4092	1.3826	13.9789
8.7597	0.7780	35.6371	1.3292	13.8199
8.7279	0.7744	36.2508	1.3337	13.6492
8.7077	0.7763	36.8160	1.3748	14.0365
8.8002	0.7862	35.9932	1.3870	14.0087
8.6887	0.7747	35.3254	1.3828	13.8027
8.7352	0.7796	35.9762	1.3255	13.6321
8.7728	0.7803	36.8823	1.3942	13.9180
8.8077	0.7813	36.6279	1.3845	13.9835
8.6633	0.7649	36.1638	1.3034	13.6058


