Metric: | MAE	| NMAE	| RMSE	| MRE	| NPRE	
==========================================
UMEAN
Avg:	15.3140	1.3392	55.3372	3.9424	24.4531
Std:	0.1047	0.0134	0.9904	0.0664	0.5420
==========================================
IMEAN
Avg:	8.1305	0.7110	44.5217	0.5478	7.3175
Std:	0.0571	0.0063	0.8802	0.0020	0.0572
==========================================
UPCC
Avg:	9.6538	0.8442	42.8033	1.6114	15.7039
Std:	0.1652	0.0165	1.0980	0.0655	0.5157
==========================================
IPCC
Avg:	9.8115	0.8580	45.5003	0.7671	11.5586
Std:	0.1555	0.0159	0.4849	0.0072	0.1914
==========================================
UIPCC
Avg:	9.4459	0.8260	43.7237	1.3980	14.3022
Std:	0.1398	0.0144	0.8815	0.0402	0.3142
==========================================


Detailed results for 20 rounds:
==========================================
UMEAN
==========================================
15.0833	1.3090	56.2798	3.7795	23.2036
15.3862	1.3466	56.3844	4.0253	24.8573
15.2796	1.3349	56.1773	3.9308	24.3636
15.4831	1.3617	53.8140	4.0196	25.6588
15.3214	1.3406	55.9629	3.9882	24.3613
15.4136	1.3501	54.2036	4.0192	25.2033
15.2533	1.3303	56.5983	3.9349	24.0096
15.2427	1.3320	55.5266	3.9412	24.1539
15.3095	1.3366	55.4964	3.9108	24.3551
15.4958	1.3626	53.2686	3.9223	24.9719
15.2525	1.3326	55.1440	3.9095	24.3245
15.2538	1.3317	55.2335	3.8260	24.0706
15.2907	1.3374	55.1474	4.0141	24.9220
15.3759	1.3475	54.1963	4.0323	24.4360
15.1497	1.3188	55.5959	3.9009	24.2265
15.4441	1.3556	54.1733	3.9561	24.8835
15.2333	1.3284	56.1074	3.8633	23.6941
15.2357	1.3294	56.6428	3.9175	23.9737
15.3826	1.3481	56.3676	3.9793	24.6360
15.3922	1.3500	54.4246	3.9770	24.7577


IMEAN
==========================================
8.0798	0.7012	45.6279	0.5450	7.3572
8.0824	0.7074	45.5348	0.5508	7.3430
8.1152	0.7090	45.1603	0.5491	7.2093
8.2174	0.7227	43.3139	0.5444	7.2529
8.0731	0.7064	44.9101	0.5505	7.4051
8.1506	0.7139	43.5284	0.5472	7.3054
8.1720	0.7127	45.5772	0.5479	7.2645
8.0490	0.7034	44.4611	0.5450	7.2715
8.1310	0.7099	44.2716	0.5461	7.3195
8.2534	0.7258	42.9224	0.5473	7.3742
8.1538	0.7124	44.3282	0.5503	7.3781
8.2622	0.7213	45.2728	0.5481	7.2680
8.0722	0.7060	43.9330	0.5479	7.3824
8.1064	0.7104	43.6878	0.5491	7.3436
8.0969	0.7048	44.6640	0.5443	7.3091
8.1395	0.7144	43.5035	0.5487	7.3943
8.1019	0.7065	44.8119	0.5476	7.2747
8.0934	0.7062	45.5781	0.5481	7.2119
8.1217	0.7117	45.8044	0.5475	7.3514
8.1381	0.7138	43.5430	0.5504	7.3345


UPCC
==========================================
9.4442	0.8196	44.2736	1.5201	14.6715
9.6801	0.8472	43.7802	1.7061	16.4211
9.6763	0.8454	43.4609	1.6553	16.0850
10.0225	0.8815	41.4884	1.7201	16.6929
9.6420	0.8436	43.5423	1.6145	15.9238
9.7532	0.8543	41.1334	1.6332	16.6090
9.4946	0.8281	43.9907	1.5024	15.1643
9.4840	0.8288	42.7570	1.6471	15.1493
9.5907	0.8373	42.5617	1.5843	15.3407
9.9860	0.8781	40.6919	1.6360	16.2495
9.6408	0.8423	42.6701	1.6174	15.5237
9.8410	0.8592	43.7392	1.6366	15.5156
9.4325	0.8250	42.2771	1.4755	16.0292
9.7110	0.8511	42.1838	1.6488	15.5890
9.3556	0.8144	43.1441	1.5576	15.3098
9.6711	0.8489	41.2852	1.6315	15.4419
9.6005	0.8372	43.3527	1.6139	15.1962
9.7079	0.8471	43.9349	1.7114	15.8591
9.7098	0.8509	44.3133	1.5437	15.7584
9.6320	0.8448	41.4855	1.5732	15.5489


IPCC
==========================================
9.5002	0.8245	46.0186	0.7625	11.3935
9.8301	0.8603	45.9890	0.7797	12.0565
9.7021	0.8476	45.5406	0.7688	11.4482
10.0952	0.8878	45.0435	0.7559	11.6328
9.8016	0.8576	45.8692	0.7726	11.6663
9.9133	0.8683	44.5139	0.7697	11.7351
9.7195	0.8477	45.9095	0.7564	11.4662
9.6543	0.8437	45.4145	0.7602	11.2828
9.7892	0.8546	45.6451	0.7520	11.2931
10.0515	0.8839	44.6402	0.7661	11.5319
9.8434	0.8600	45.4817	0.7688	11.4764
9.9609	0.8696	46.2369	0.7597	11.5453
9.7695	0.8545	45.2056	0.7694	11.5265
9.9362	0.8708	45.2585	0.7732	11.5785
9.6628	0.8411	45.6974	0.7693	11.4513
10.1203	0.8883	45.3166	0.7791	11.9418
9.7172	0.8474	45.4377	0.7689	11.6126
9.7096	0.8472	45.9295	0.7741	11.6155
9.7144	0.8513	46.1293	0.7667	11.6147
9.7395	0.8542	44.7284	0.7692	11.3035


UIPCC
==========================================
9.1974	0.7982	44.8777	1.3342	13.7037
9.4643	0.8283	44.5926	1.4455	14.7970
9.3957	0.8208	44.1918	1.4175	14.6174
9.7413	0.8567	42.6661	1.4583	14.8252
9.4391	0.8259	44.2969	1.4022	14.5278
9.5330	0.8350	42.2669	1.4231	14.7366
9.3441	0.8150	44.6688	1.3195	13.9862
9.2868	0.8116	43.6971	1.3813	14.0088
9.4133	0.8218	43.6055	1.3462	13.8574
9.7021	0.8531	42.0742	1.4256	14.3545
9.4617	0.8266	43.6501	1.4072	14.2336
9.6136	0.8393	44.6066	1.4063	14.3005
9.3368	0.8166	43.2160	1.3430	14.3904
9.5284	0.8351	43.0684	1.4386	14.2930
9.2468	0.8049	43.9995	1.3646	14.0679
9.6243	0.8448	42.7306	1.4339	14.5066
9.3718	0.8173	44.0514	1.3992	14.0602
9.4049	0.8206	44.6513	1.4559	14.4653
9.4178	0.8253	44.9062	1.3725	14.4153
9.3944	0.8240	42.6572	1.3848	13.8965


