Metric: | MAE	| NMAE	| RMSE	| MRE	| NPRE	
==========================================
UMEAN
Avg:	15.3338	1.3393	55.4246	3.8076	24.5100
Std:	0.1844	0.0191	0.5328	0.0817	0.6967
==========================================
IMEAN
Avg:	8.5761	0.7490	47.3612	0.5601	7.2199
Std:	0.1641	0.0156	2.0313	0.0028	0.0727
==========================================
UPCC
Avg:	10.5918	0.9251	46.4820	1.7965	16.1327
Std:	0.3445	0.0318	1.8382	0.0871	0.6697
==========================================
IPCC
Avg:	10.2076	0.8916	48.8537	0.7661	11.0825
Std:	0.2549	0.0240	2.0134	0.0061	0.2235
==========================================
UIPCC
Avg:	10.0731	0.8798	47.2839	1.4515	14.1891
Std:	0.2745	0.0257	1.8645	0.0479	0.3651
==========================================


Detailed results for 20 rounds:
==========================================
UMEAN
==========================================
15.2607	1.3314	55.1561	3.7819	24.3531
15.4344	1.3499	55.3763	3.8763	25.3581
15.4289	1.3495	55.1606	3.8087	24.6831
15.5683	1.3619	54.9265	3.8618	25.4142
15.4237	1.3479	54.7292	3.8037	24.6237
15.2525	1.3311	55.0066	3.6603	23.8699
15.3457	1.3407	55.7346	3.7754	24.3317
15.4842	1.3582	55.3289	3.8593	24.7212
15.0884	1.3144	56.2594	3.6966	23.0922
15.5892	1.3654	54.7714	3.8472	25.1127
14.9724	1.3012	56.5449	3.7301	23.2627
15.2390	1.3294	55.9147	3.9260	24.5630
15.1136	1.3165	56.2878	3.7026	23.4011
15.3074	1.3360	55.3487	3.9180	25.4105
15.7047	1.3783	54.5680	3.9403	25.4616
15.2152	1.3270	55.5961	3.8546	24.7535
15.5081	1.3562	55.0016	3.8495	24.7637
15.3900	1.3442	55.3870	3.8239	24.9067
15.0932	1.3154	55.8710	3.6689	23.8971
15.2570	1.3310	55.5219	3.7669	24.2203


IMEAN
==========================================
8.6428	0.7540	46.4733	0.5594	7.3093
8.7377	0.7642	47.2281	0.5630	7.3036
8.8444	0.7736	50.6631	0.5640	7.3594
8.6872	0.7599	47.3845	0.5614	7.3222
8.7831	0.7676	53.1493	0.5602	7.1717
8.6183	0.7521	48.3690	0.5654	7.2473
8.5293	0.7452	46.0876	0.5560	7.2203
8.5102	0.7465	45.9926	0.5567	7.1408
8.4306	0.7344	46.5091	0.5610	7.1833
8.8091	0.7715	46.8611	0.5631	7.2721
8.2446	0.7165	45.8190	0.5582	7.0963
8.6019	0.7504	47.1987	0.5609	7.2462
8.3590	0.7281	46.3700	0.5553	7.1201
8.3719	0.7307	45.6157	0.5617	7.2017
8.6980	0.7634	46.3581	0.5639	7.3225
8.4001	0.7326	46.2786	0.5609	7.1769
8.7502	0.7652	51.8349	0.5560	7.1541
8.5497	0.7467	46.1082	0.5583	7.1853
8.4987	0.7407	46.5376	0.5592	7.1684
8.4548	0.7376	46.3852	0.5582	7.1955


UPCC
==========================================
10.6658	0.9305	45.6974	1.7631	16.0139
10.8224	0.9465	45.8255	1.9465	16.9350
10.9939	0.9616	49.7525	1.9502	16.6047
11.0246	0.9644	45.8373	1.8334	17.5002
11.0477	0.9655	51.8350	1.8725	16.9629
10.6573	0.9301	46.7623	1.7119	16.0467
10.5642	0.9230	45.4476	1.7612	15.8575
10.6707	0.9360	45.2043	1.8184	16.4188
10.1713	0.8861	45.9051	1.7012	15.0750
11.0929	0.9716	46.3547	1.9376	16.8069
9.8327	0.8545	45.2033	1.7408	14.6295
10.4592	0.9124	46.4634	1.8291	16.1359
10.2025	0.8887	45.5675	1.7753	15.3247
10.2782	0.8971	44.9307	1.7530	16.4570
10.9535	0.9613	45.9583	1.9301	16.5933
10.1684	0.8869	45.3972	1.7227	15.5473
10.8573	0.9495	50.3706	1.7798	16.0887
10.6203	0.9276	45.2393	1.7314	15.9936
10.3949	0.9059	46.1248	1.6650	15.9198
10.3583	0.9036	45.7643	1.7073	15.7422


IPCC
==========================================
10.2001	0.8899	48.3932	0.7621	11.0244
10.3242	0.9029	48.4100	0.7553	10.9622
10.4070	0.9102	51.3426	0.7726	11.2282
10.4647	0.9154	49.6384	0.7652	11.1876
10.6116	0.9274	54.6201	0.7671	11.3142
10.0333	0.8756	49.2297	0.7713	10.9892
10.1511	0.8869	47.7041	0.7621	10.8506
10.3181	0.9051	49.5959	0.7572	10.8491
9.8566	0.8587	47.0735	0.7656	10.9166
10.5722	0.9260	49.6008	0.7614	10.8758
9.6846	0.8417	46.3880	0.7715	10.7932
10.2283	0.8923	48.0515	0.7688	11.1259
9.7720	0.8512	46.8495	0.7651	10.9153
10.0824	0.8800	47.1007	0.7811	11.4371
10.4823	0.9200	48.4314	0.7710	11.1903
10.1653	0.8866	47.8319	0.7700	11.5421
10.4739	0.9160	52.9600	0.7686	11.2349
10.2401	0.8944	48.4904	0.7643	11.0803
9.9175	0.8643	47.4694	0.7552	10.7327
10.1674	0.8870	47.8936	0.7674	11.3999


UIPCC
==========================================
10.1053	0.8816	46.6463	1.4346	14.0335
10.2291	0.8946	46.8276	1.5030	14.5108
10.3414	0.9045	50.2498	1.5422	14.6290
10.3854	0.9085	47.2259	1.4700	14.8743
10.4862	0.9164	52.7742	1.4991	14.7129
10.0014	0.8728	47.7298	1.4413	13.9823
10.0204	0.8754	46.1856	1.4278	13.9616
10.1588	0.8911	46.6951	1.4470	14.1098
9.7074	0.8457	46.2373	1.3861	13.6202
10.4819	0.9180	47.3818	1.5202	14.4284
9.4785	0.8237	45.5807	1.3792	13.3796
10.0405	0.8759	46.9815	1.4606	14.3825
9.6658	0.8420	45.9748	1.4288	13.7024
9.8805	0.8624	45.6425	1.4576	14.3577
10.3707	0.9102	46.6676	1.5388	14.4131
9.8800	0.8617	46.2665	1.4219	14.1357
10.3320	0.9035	51.3017	1.4514	14.3346
10.1095	0.8830	46.4103	1.4346	14.0279
9.8275	0.8565	46.4742	1.3712	13.9474
9.9599	0.8689	46.4249	1.4149	14.2389


