Metric: | MAE	| NMAE	| RMSE	| MRE	| NPRE	
==========================================
UMEAN
Avg:	15.0715	1.3305	50.8588	3.9838	23.9701
Std:	0.0258	0.0082	0.9375	0.0334	0.2145
==========================================
IMEAN
Avg:	7.6507	0.6754	37.6041	0.5420	6.9109
Std:	0.0451	0.0036	0.9278	0.0013	0.0537
==========================================
UPCC
Avg:	7.6690	0.6770	30.4212	1.1693	14.8407
Std:	0.0900	0.0081	0.9823	0.0602	0.2545
==========================================
IPCC
Avg:	7.8309	0.6913	34.4950	0.6000	8.5065
Std:	0.0806	0.0075	0.9979	0.0039	0.0949
==========================================
UIPCC
Avg:	7.3514	0.6490	31.6756	1.0252	11.9758
Std:	0.0667	0.0060	1.0260	0.0311	0.1535
==========================================


Detailed results for 20 rounds:
==========================================
UMEAN
==========================================
15.0012	1.3376	49.8332	4.0018	24.0070
15.0556	1.3357	50.8841	3.9877	23.9385
15.0235	1.3361	49.6361	4.0160	24.0875
15.1085	1.3197	51.9351	3.9528	23.7620
15.0864	1.3195	51.5697	3.9508	23.5281
15.0568	1.3466	50.2142	4.0561	24.0399
15.0903	1.3327	50.6966	3.9853	24.0163
15.0525	1.3434	49.5896	4.0254	24.4313
15.1077	1.3201	52.6902	3.9854	23.8637
15.0567	1.3314	51.0641	3.9924	24.1700
15.0822	1.3204	50.7219	3.9132	23.8621
15.0646	1.3301	51.7933	3.9828	23.8711
15.0731	1.3267	49.7832	3.9653	23.8466
15.0731	1.3281	51.8470	3.9760	23.7683
15.0847	1.3220	51.1630	3.9468	23.8917
15.0944	1.3266	51.5849	3.9529	23.9499
15.0736	1.3358	50.4930	3.9704	24.2658
15.0983	1.3278	52.0789	3.9756	23.7145
15.0811	1.3442	49.3485	4.0451	24.3633
15.0652	1.3259	50.2505	3.9945	24.0235


IMEAN
==========================================
7.6258	0.6800	37.0407	0.5421	6.9086
7.6285	0.6768	37.7476	0.5417	6.9941
7.6196	0.6776	36.5991	0.5412	6.9100
7.6801	0.6709	38.4972	0.5421	6.8487
7.6658	0.6705	37.8503	0.5406	6.9019
7.6206	0.6815	37.4913	0.5416	6.8436
7.6110	0.6721	37.3213	0.5423	6.8176
7.6179	0.6799	36.5546	0.5435	6.9071
7.7114	0.6738	39.2147	0.5411	6.8648
7.6564	0.6770	38.1093	0.5429	7.0083
7.6664	0.6712	37.0170	0.5422	6.8938
7.6469	0.6752	38.6322	0.5415	6.9679
7.6629	0.6745	36.2840	0.5464	6.9671
7.7132	0.6796	38.6915	0.5414	6.8774
7.6850	0.6735	37.6930	0.5404	6.9387
7.6996	0.6767	38.3460	0.5435	6.9468
7.6403	0.6771	37.6364	0.5415	6.9719
7.6198	0.6701	38.9376	0.5407	6.8664
7.5224	0.6705	35.7559	0.5413	6.8383
7.7203	0.6795	36.6625	0.5410	6.9454


UPCC
==========================================
7.4760	0.6666	29.6878	1.1172	14.5781
7.6349	0.6774	30.5489	1.2176	14.5439
7.6867	0.6836	29.7776	1.2775	15.1460
7.6502	0.6683	31.2058	1.1181	14.6293
7.5861	0.6635	30.6765	1.1246	14.5349
7.5990	0.6796	30.5120	1.1533	14.5678
7.5791	0.6693	29.7729	1.1985	14.5345
7.7332	0.6902	29.1249	1.2690	15.0179
7.6427	0.6678	32.0084	1.1198	14.6386
7.6201	0.6738	30.9665	1.1757	14.7256
7.8166	0.6843	30.0128	1.1228	15.1947
7.8263	0.6910	31.7775	1.2913	15.2190
7.5922	0.6682	29.1739	1.0921	14.5425
7.6576	0.6747	31.7378	1.0770	14.7161
7.8057	0.6841	29.9591	1.2063	15.1833
7.7968	0.6853	31.2067	1.1999	14.9364
7.7402	0.6859	30.6982	1.1887	14.9793
7.6415	0.6720	31.5751	1.1693	15.1234
7.6190	0.6791	28.2409	1.1133	15.0405
7.6767	0.6756	29.7613	1.1547	14.9624


IPCC
==========================================
7.7355	0.6897	33.6812	0.5995	8.3448
7.8263	0.6943	34.4885	0.6002	8.5494
7.8632	0.6993	33.7638	0.6022	8.4674
7.8608	0.6866	35.0050	0.6036	8.5956
7.7990	0.6821	34.1432	0.5983	8.5441
7.8284	0.7001	34.2960	0.5959	8.4778
7.7784	0.6869	34.5814	0.5946	8.4316
7.7880	0.6951	33.1374	0.5978	8.5416
7.7786	0.6797	35.9385	0.6027	8.3025
7.8095	0.6906	35.2241	0.6034	8.5899
7.8970	0.6914	33.9828	0.5972	8.5466
7.8785	0.6956	35.7526	0.6052	8.4988
7.6792	0.6759	32.6821	0.5996	8.5142
7.9503	0.7005	36.2373	0.6075	8.4238
7.7945	0.6831	34.3707	0.5924	8.4547
7.9294	0.6969	35.1454	0.5984	8.5547
7.8397	0.6948	34.9380	0.5981	8.5399
7.8473	0.6901	35.8115	0.5973	8.5087
7.7062	0.6869	32.7604	0.5989	8.4745
8.0290	0.7066	33.9592	0.6071	8.7694


UIPCC
==========================================
7.2231	0.6441	30.9576	0.9957	11.6735
7.3367	0.6509	31.7069	1.0361	11.8908
7.3706	0.6555	30.8588	1.0810	12.1110
7.3707	0.6438	32.3301	1.0013	11.8830
7.3027	0.6387	31.5499	1.0029	11.8182
7.3251	0.6551	31.6254	1.0095	11.8007
7.2919	0.6440	31.5773	1.0176	11.7905
7.3424	0.6553	30.2937	1.0577	12.1138
7.3305	0.6405	33.4231	0.9854	11.7343
7.3189	0.6472	32.3938	1.0290	11.9996
7.4417	0.6515	31.0359	1.0201	12.1779
7.4315	0.6562	32.9956	1.1062	12.1002
7.2440	0.6376	30.0827	0.9760	11.9280
7.4120	0.6531	33.2860	0.9939	11.9057
7.3787	0.6467	31.3901	1.0445	12.0660
7.4592	0.6556	32.3337	1.0510	12.0775
7.3758	0.6536	32.0488	1.0339	12.1568
7.3501	0.6464	32.9621	1.0213	12.0056
7.2600	0.6471	29.7305	1.0133	12.0807
7.4627	0.6568	30.9290	1.0284	12.2026


