Metric: | MAE	| NMAE	| RMSE	| MRE	| NPRE	
==========================================
UMEAN
Avg:	1.1089	0.8898	2.2395	1.4189	8.7288
Std:	0.0014	0.0022	0.0072	0.0159	0.0776
==========================================
IMEAN
Avg:	1.0725	0.8606	2.1260	1.2462	7.1217
Std:	0.0012	0.0021	0.0065	0.0119	0.0521
==========================================
UPCC
Avg:	0.6638	0.5327	1.5703	0.4696	3.3915
Std:	0.0029	0.0019	0.0071	0.0055	0.0738
==========================================
IPCC
Avg:	0.8117	0.6513	1.6987	0.7092	5.3789
Std:	0.0072	0.0055	0.0078	0.0060	0.1205
==========================================
UIPCC
Avg:	0.6698	0.5374	1.5664	0.4870	3.7402
Std:	0.0034	0.0023	0.0074	0.0060	0.0784
==========================================


Detailed results for 20 rounds:
==========================================
UMEAN
==========================================
1.1088	0.8907	2.2376	1.4182	8.7644
1.1102	0.8931	2.2384	1.4301	8.8001
1.1061	0.8864	2.2384	1.3986	8.6086
1.1080	0.8908	2.2311	1.4238	8.7708
1.1099	0.8950	2.2379	1.4527	8.8739
1.1086	0.8903	2.2375	1.4169	8.6986
1.1092	0.8897	2.2344	1.4297	8.8402
1.1113	0.8888	2.2386	1.4309	8.8431
1.1075	0.8920	2.2425	1.4253	8.7435
1.1083	0.8902	2.2407	1.4157	8.7536
1.1097	0.8917	2.2311	1.4384	8.7527
1.1056	0.8901	2.2286	1.4307	8.7041
1.1098	0.8873	2.2500	1.3970	8.6244
1.1098	0.8900	2.2286	1.4312	8.7718
1.1095	0.8880	2.2456	1.4075	8.6466
1.1080	0.8916	2.2356	1.4167	8.7096
1.1081	0.8875	2.2490	1.4003	8.6738
1.1103	0.8863	2.2572	1.3868	8.5873
1.1086	0.8875	2.2408	1.4010	8.6582
1.1111	0.8895	2.2459	1.4262	8.7501


IMEAN
==========================================
1.0716	0.8608	2.1260	1.2529	7.0902
1.0726	0.8629	2.1190	1.2609	7.2109
1.0732	0.8600	2.1173	1.2551	7.1080
1.0710	0.8611	2.1155	1.2406	7.1346
1.0707	0.8633	2.1251	1.2722	7.2079
1.0724	0.8612	2.1274	1.2298	7.0748
1.0745	0.8618	2.1328	1.2305	7.0955
1.0741	0.8591	2.1346	1.2339	7.2154
1.0726	0.8639	2.1261	1.2644	7.2176
1.0716	0.8607	2.1193	1.2489	7.1518
1.0710	0.8606	2.1290	1.2379	7.0789
1.0725	0.8635	2.1198	1.2562	7.0918
1.0740	0.8587	2.1267	1.2309	7.1089
1.0708	0.8587	2.1156	1.2506	7.1022
1.0725	0.8584	2.1350	1.2421	7.0780
1.0735	0.8638	2.1218	1.2543	7.1342
1.0738	0.8600	2.1301	1.2458	7.0930
1.0723	0.8559	2.1355	1.2334	7.0786
1.0718	0.8581	2.1277	1.2355	7.0335
1.0740	0.8598	2.1353	1.2485	7.1281


UPCC
==========================================
0.6633	0.5328	1.5698	0.4741	3.3880
0.6667	0.5364	1.5704	0.4748	3.5425
0.6628	0.5311	1.5557	0.4710	3.5071
0.6654	0.5350	1.5632	0.4715	3.4100
0.6597	0.5319	1.5716	0.4708	3.3338
0.6645	0.5336	1.5766	0.4640	3.3252
0.6639	0.5325	1.5724	0.4611	3.3598
0.6657	0.5324	1.5755	0.4778	3.4002
0.6632	0.5342	1.5793	0.4753	3.4600
0.6631	0.5326	1.5630	0.4728	3.3651
0.6628	0.5326	1.5711	0.4621	3.3780
0.6544	0.5269	1.5608	0.4551	3.2059
0.6688	0.5347	1.5745	0.4691	3.4369
0.6645	0.5329	1.5558	0.4686	3.3715
0.6652	0.5324	1.5743	0.4778	3.4476
0.6644	0.5347	1.5651	0.4705	3.3606
0.6618	0.5300	1.5735	0.4677	3.4238
0.6666	0.5321	1.5781	0.4704	3.4476
0.6660	0.5332	1.5781	0.4709	3.3890
0.6641	0.5316	1.5773	0.4674	3.2779


IPCC
==========================================
0.8084	0.6494	1.6976	0.7027	5.3881
0.8216	0.6610	1.7021	0.7196	5.5677
0.8123	0.6509	1.6837	0.7145	5.4075
0.8129	0.6536	1.6876	0.7136	5.4349
0.8066	0.6504	1.6988	0.7129	5.3533
0.8124	0.6524	1.7034	0.7085	5.2865
0.8231	0.6602	1.7074	0.7207	5.4627
0.8250	0.6599	1.7159	0.7180	5.5922
0.8029	0.6467	1.7036	0.7089	5.2746
0.8048	0.6464	1.6900	0.7042	5.3207
0.8081	0.6493	1.6954	0.7060	5.3222
0.7957	0.6406	1.6849	0.7054	5.0793
0.8171	0.6533	1.7033	0.7103	5.4110
0.8233	0.6603	1.6936	0.7103	5.6321
0.8115	0.6494	1.7033	0.7098	5.3528
0.8115	0.6530	1.6995	0.7091	5.3359
0.8074	0.6467	1.6966	0.6997	5.3756
0.8065	0.6437	1.7027	0.6979	5.2642
0.8110	0.6493	1.6986	0.7056	5.3595
0.8119	0.6500	1.7065	0.7072	5.3568


UIPCC
==========================================
0.6688	0.5372	1.5658	0.4843	3.7424
0.6737	0.5419	1.5665	0.4947	3.8972
0.6689	0.5360	1.5508	0.4902	3.8386
0.6709	0.5394	1.5576	0.4892	3.7439
0.6657	0.5367	1.5678	0.4892	3.6791
0.6699	0.5380	1.5720	0.4821	3.6929
0.6721	0.5390	1.5701	0.4883	3.7326
0.6738	0.5390	1.5729	0.4959	3.8003
0.6675	0.5376	1.5765	0.4808	3.7888
0.6677	0.5363	1.5586	0.4878	3.7194
0.6683	0.5370	1.5663	0.4817	3.7247
0.6591	0.5306	1.5572	0.4722	3.5146
0.6750	0.5397	1.5705	0.4902	3.7742
0.6730	0.5397	1.5517	0.4950	3.7822
0.6707	0.5368	1.5707	0.4960	3.7780
0.6701	0.5392	1.5626	0.4846	3.7008
0.6675	0.5346	1.5691	0.4819	3.7690
0.6708	0.5355	1.5744	0.4792	3.7625
0.6719	0.5379	1.5722	0.4887	3.7551
0.6704	0.5367	1.5744	0.4881	3.6074


