Metric: | MAE	| NMAE	| RMSE	| MRE	| NPRE	
==========================================
UMEAN
Avg:	15.4561	1.3359	54.5722	4.0744	24.3716
Std:	0.0387	0.0088	1.0541	0.0370	0.3432
==========================================
IMEAN
Avg:	7.8364	0.6773	41.8412	0.5406	6.7068
Std:	0.0431	0.0044	1.0799	0.0014	0.0429
==========================================
UPCC
Avg:	8.5000	0.7347	37.3895	1.3333	15.3610
Std:	0.1137	0.0115	1.2064	0.0617	0.3291
==========================================
IPCC
Avg:	8.8168	0.7620	41.1950	0.6800	9.6780
Std:	0.1251	0.0113	1.2492	0.0065	0.1621
==========================================
UIPCC
Avg:	8.3266	0.7197	38.7835	1.1763	13.0461
Std:	0.0934	0.0091	1.2849	0.0378	0.2234
==========================================


Detailed results for 20 rounds:
==========================================
UMEAN
==========================================
15.4422	1.3296	54.7139	4.0563	24.0714
15.4214	1.3280	56.2998	4.0351	24.2937
15.4185	1.3286	55.3529	4.0222	24.1710
15.4184	1.3267	55.6571	4.0434	24.2828
15.4710	1.3389	52.3781	4.0679	24.6869
15.4445	1.3299	54.8993	3.9800	24.1008
15.4348	1.3319	54.5382	4.0730	24.5022
15.5543	1.3542	53.6160	4.1310	25.0424
15.4669	1.3398	54.6442	4.0762	24.2115
15.4570	1.3363	54.7577	4.0734	24.4932
15.5283	1.3531	52.2967	4.1316	25.2237
15.4481	1.3341	55.4195	4.1045	24.5728
15.4422	1.3353	54.6426	4.0767	24.1216
15.4533	1.3438	53.5391	4.1024	24.3815
15.4124	1.3255	56.0496	4.0440	23.7448
15.4638	1.3367	53.3374	4.0768	24.6520
15.5142	1.3460	54.8666	4.1239	24.2757
15.4495	1.3328	54.4674	4.1067	24.4757
15.3966	1.3208	55.4542	4.0735	23.9616
15.4844	1.3459	54.5127	4.0892	24.1657


IMEAN
==========================================
7.8706	0.6777	41.8846	0.5390	6.7031
7.8886	0.6793	43.5936	0.5403	6.7244
7.8718	0.6783	42.6844	0.5404	6.6578
7.8736	0.6775	42.9903	0.5409	6.7560
7.8380	0.6783	39.3438	0.5386	6.6561
7.8893	0.6793	42.3739	0.5412	6.6262
7.8724	0.6793	41.8320	0.5418	6.7775
7.7950	0.6787	40.8822	0.5393	6.6785
7.8382	0.6790	42.0000	0.5388	6.6217
7.8604	0.6796	42.3448	0.5410	6.7309
7.8235	0.6817	39.5954	0.5433	6.7768
7.7827	0.6721	42.8763	0.5376	6.7006
7.7414	0.6694	41.5044	0.5428	6.7035
7.9109	0.6879	41.0457	0.5422	6.7263
7.8194	0.6725	43.0414	0.5401	6.6882
7.8205	0.6760	40.5899	0.5415	6.7336
7.8197	0.6785	42.3096	0.5404	6.7044
7.7632	0.6697	41.5362	0.5410	6.7423
7.8190	0.6707	42.3815	0.5414	6.7377
7.8302	0.6806	42.0132	0.5407	6.6900


UPCC
==========================================
8.6651	0.7461	37.7953	1.3732	15.5583
8.5945	0.7401	39.2365	1.4373	15.3929
8.5225	0.7343	38.2773	1.3417	15.3428
8.4700	0.7288	38.2910	1.2994	15.4615
8.3816	0.7254	34.7066	1.2180	14.8698
8.4345	0.7263	38.1850	1.3109	14.7917
8.5486	0.7377	37.7287	1.3016	15.6436
8.6579	0.7538	35.7920	1.4262	15.9638
8.4453	0.7316	37.6325	1.3121	15.1943
8.4992	0.7348	38.2044	1.2506	15.3117
8.6274	0.7517	35.1937	1.3691	15.8331
8.3700	0.7228	38.6865	1.2892	15.2133
8.4402	0.7298	36.9343	1.3463	15.2547
8.5131	0.7403	36.2942	1.3149	15.3512
8.3370	0.7170	38.6944	1.3314	14.8599
8.4939	0.7342	35.7907	1.2981	15.4498
8.5486	0.7417	37.9020	1.4244	15.4460
8.6970	0.7503	37.7758	1.3842	15.9293
8.2401	0.7069	37.0860	1.2305	14.8908
8.5138	0.7400	37.5822	1.4072	15.4611


IPCC
==========================================
8.9138	0.7675	41.5288	0.6874	9.6449
8.8500	0.7621	43.1800	0.6868	9.7614
8.9814	0.7739	41.8087	0.6844	9.9588
8.7927	0.7566	42.4145	0.6875	9.6552
8.7401	0.7564	38.0651	0.6785	9.7552
8.8802	0.7647	41.7922	0.6818	9.6526
9.0919	0.7846	41.9403	0.6917	10.1054
8.8108	0.7671	40.2342	0.6743	9.6074
9.0053	0.7801	41.8325	0.6786	9.6024
8.6624	0.7489	42.0410	0.6676	9.4152
8.7598	0.7633	38.4940	0.6797	9.8054
8.5700	0.7401	42.1457	0.6768	9.4815
8.6838	0.7509	40.6373	0.6789	9.6302
8.9553	0.7788	40.2712	0.6705	9.6337
8.7340	0.7511	42.3145	0.6831	9.6634
8.8576	0.7656	40.1913	0.6766	9.6494
8.7189	0.7565	41.8541	0.6739	9.4506
8.7382	0.7538	40.5734	0.6862	9.8891
8.7519	0.7508	41.4862	0.6697	9.6141
8.8370	0.7681	41.0944	0.6855	9.5841


UIPCC
==========================================
8.4489	0.7275	39.0795	1.2134	13.0795
8.3927	0.7227	40.8802	1.2269	13.1649
8.4338	0.7267	39.5706	1.1843	13.2671
8.2981	0.7140	39.9909	1.1640	13.0810
8.2287	0.7121	35.7398	1.1159	12.8421
8.3363	0.7178	39.4962	1.1602	12.7075
8.5049	0.7339	39.2741	1.1801	13.5014
8.3797	0.7296	37.4756	1.2212	13.3147
8.4153	0.7290	39.1562	1.1819	12.8682
8.2344	0.7119	39.6202	1.1096	12.9410
8.3362	0.7264	36.1255	1.2078	13.3338
8.1387	0.7028	40.0332	1.1418	12.8715
8.2304	0.7117	38.3215	1.1773	12.9795
8.4138	0.7317	37.7205	1.1499	13.0899
8.2260	0.7074	40.1187	1.1597	12.7679
8.3507	0.7218	37.4505	1.1557	13.0587
8.2775	0.7182	39.3271	1.2177	12.9077
8.3487	0.7202	38.5516	1.2347	13.3877
8.1986	0.7033	38.9101	1.1125	12.6973
8.3374	0.7247	38.8281	1.2105	13.0605


