Metric: | MAE	| NMAE	| RMSE	| MRE	| NPRE	
==========================================
UMEAN
Avg:	15.4955	1.3385	54.7499	4.0252	24.5326
Std:	0.1002	0.0127	0.6578	0.0722	0.5818
==========================================
IMEAN
Avg:	8.0514	0.6955	42.7734	0.5450	6.6633
Std:	0.0687	0.0068	0.6008	0.0019	0.0522
==========================================
UPCC
Avg:	9.5333	0.8235	40.9744	1.5516	15.7505
Std:	0.1605	0.0154	0.6961	0.0530	0.5635
==========================================
IPCC
Avg:	9.6686	0.8352	43.4749	0.7666	10.8424
Std:	0.1277	0.0128	0.2933	0.0051	0.1396
==========================================
UIPCC
Avg:	9.3175	0.8049	41.8487	1.3642	13.9012
Std:	0.1297	0.0129	0.5447	0.0289	0.3193
==========================================


Detailed results for 20 rounds:
==========================================
UMEAN
==========================================
15.3937	1.3247	54.8213	3.9511	24.2705
15.4711	1.3363	55.3709	4.0803	24.9407
15.4480	1.3344	54.5164	3.9959	24.1776
15.3042	1.3152	55.9225	3.9347	24.0992
15.6934	1.3641	53.3044	4.1637	25.9760
15.3148	1.3152	55.5993	3.8151	23.1873
15.5121	1.3405	54.7749	4.0510	24.6135
15.6152	1.3524	54.8035	4.0909	25.2613
15.5116	1.3404	54.0467	4.0482	24.0347
15.4567	1.3338	55.0836	4.0275	24.4628
15.5695	1.3477	54.0616	4.0349	25.3889
15.5112	1.3386	55.1009	4.0343	24.5844
15.4748	1.3366	55.0711	3.9898	24.2813
15.5397	1.3455	54.0841	4.0732	24.4769
15.5562	1.3456	54.9620	4.0220	24.4056
15.5939	1.3518	53.4374	4.0541	24.8363
15.5818	1.3477	54.7634	4.0063	24.4372
15.4681	1.3345	55.2988	4.0796	24.3387
15.3283	1.3167	55.1978	3.9550	23.9093
15.5662	1.3487	54.7781	4.0962	24.9705


IMEAN
==========================================
8.1693	0.7030	43.6655	0.5443	6.6282
8.1176	0.7012	43.3621	0.5431	6.6695
8.0521	0.6956	42.3736	0.5460	6.6200
7.9728	0.6851	43.7315	0.5424	6.6318
8.0285	0.6979	41.2601	0.5424	6.5625
8.0297	0.6896	43.3651	0.5455	6.6500
8.1007	0.7000	43.1232	0.5452	6.6847
8.0586	0.6980	42.3935	0.5448	6.6695
8.1394	0.7034	42.3945	0.5452	6.6697
8.0507	0.6947	43.2139	0.5472	6.7514
8.1270	0.7035	42.1859	0.5455	6.7349
7.9277	0.6841	42.8020	0.5433	6.6309
8.0315	0.6937	43.1076	0.5504	6.7938
8.1374	0.7046	42.7160	0.5459	6.7198
8.0604	0.6972	42.7388	0.5448	6.6676
8.0774	0.7002	41.6929	0.5445	6.6619
8.0737	0.6983	42.7692	0.5453	6.6354
7.9185	0.6832	43.1051	0.5447	6.6088
7.9728	0.6848	42.8103	0.5469	6.6497
7.9817	0.6916	42.6567	0.5419	6.6256


UPCC
==========================================
9.6708	0.8322	42.1408	1.5039	15.9999
9.4950	0.8201	41.6311	1.5191	15.6513
9.4219	0.8139	40.3191	1.5514	15.3897
9.2464	0.7946	41.7614	1.4305	14.8115
9.5559	0.8306	39.1547	1.5754	15.7885
9.2655	0.7957	41.6462	1.4945	14.2662
9.7178	0.8397	41.8038	1.5364	16.2326
9.7967	0.8485	40.4756	1.6211	17.1296
9.6552	0.8343	40.7228	1.5628	15.7016
9.4618	0.8165	41.5936	1.5174	15.5823
9.7591	0.8447	40.6773	1.6665	16.2812
9.4725	0.8174	41.0706	1.5283	15.6672
9.4579	0.8169	41.1883	1.5648	15.5500
9.6711	0.8374	40.6836	1.5731	15.7581
9.5189	0.8234	41.2565	1.5030	15.4374
9.6817	0.8393	39.8785	1.5819	16.1685
9.6637	0.8358	41.0448	1.6477	16.0287
9.2706	0.7998	41.0015	1.5443	15.7638
9.4411	0.8110	40.8934	1.5312	15.6077
9.4427	0.8182	40.5444	1.5781	16.1941


IPCC
==========================================
9.6243	0.8282	43.9657	0.7685	10.6291
9.6898	0.8370	43.6818	0.7642	10.9875
9.6430	0.8330	43.2271	0.7642	10.6392
9.4070	0.8084	43.8628	0.7729	10.7648
9.7197	0.8449	42.7012	0.7551	10.6869
9.5055	0.8163	43.7502	0.7657	10.6032
9.7811	0.8452	43.7677	0.7652	10.8566
9.8331	0.8516	43.2215	0.7646	10.9752
9.9631	0.8610	43.6798	0.7626	10.9184
9.5161	0.8212	43.5834	0.7709	10.7219
9.7646	0.8452	43.3029	0.7624	10.9103
9.5660	0.8255	43.4866	0.7634	10.9835
9.6382	0.8325	43.6767	0.7736	11.1417
9.7188	0.8415	43.5253	0.7648	10.7792
9.6803	0.8373	43.3159	0.7701	10.9436
9.8143	0.8508	43.1615	0.7638	10.8417
9.7598	0.8441	43.3099	0.7768	10.9617
9.5606	0.8248	43.6056	0.7741	10.9190
9.5854	0.8234	43.5190	0.7679	10.8306
9.6020	0.8320	43.1529	0.7618	10.7531


UIPCC
==========================================
9.3552	0.8051	42.7103	1.3439	13.8535
9.3184	0.8049	42.3591	1.3439	13.9973
9.2619	0.8001	41.3799	1.3546	13.5411
9.0533	0.7780	42.6021	1.3066	13.4369
9.3426	0.8121	40.4241	1.3625	13.8527
9.1227	0.7834	42.4129	1.3203	13.1095
9.4606	0.8175	42.3983	1.3724	14.2327
9.5097	0.8236	41.4470	1.4016	14.7168
9.5327	0.8238	41.7046	1.3664	13.8141
9.2032	0.7942	42.2432	1.3472	13.7659
9.4566	0.8185	41.4793	1.4088	14.1278
9.2300	0.7965	41.9203	1.3572	13.9698
9.2674	0.8005	42.1238	1.3789	14.0823
9.4030	0.8141	41.7237	1.3799	13.8342
9.3256	0.8066	41.9190	1.3421	13.6896
9.4574	0.8198	40.9600	1.3876	14.1554
9.4186	0.8146	41.7488	1.4330	14.0154
9.1493	0.7893	41.9954	1.3524	14.0486
9.2372	0.7935	41.8811	1.3502	13.8044
9.2448	0.8010	41.5403	1.3750	13.9754


