Metric: | MAE	| NMAE	| RMSE	| MRE	| NPRE	
==========================================
UMEAN
Avg:	1.0530	0.8949	2.1396	1.3669	8.5963
Std:	0.0055	0.0053	0.0056	0.0321	0.1587
==========================================
IMEAN
Avg:	1.0602	0.9010	2.1305	0.8697	6.8305
Std:	0.0051	0.0053	0.0074	0.0054	0.1072
==========================================
UPCC
Avg:	0.8231	0.6995	1.7235	0.7278	5.9281
Std:	0.0063	0.0058	0.0100	0.0084	0.1115
==========================================
IPCC
Avg:	0.9103	0.7736	1.8427	0.7419	5.8352
Std:	0.0058	0.0056	0.0078	0.0050	0.1035
==========================================
UIPCC
Avg:	0.8199	0.6967	1.7189	0.7089	5.8321
Std:	0.0058	0.0054	0.0093	0.0075	0.0998
==========================================


Detailed results for 20 rounds:
==========================================
UMEAN
==========================================
1.0531	0.8949	2.1394	1.3802	8.5750
1.0590	0.9007	2.1406	1.4034	8.6660
1.0476	0.8869	2.1519	1.3092	8.3593
1.0511	0.8918	2.1430	1.3544	8.5154
1.0521	0.8959	2.1324	1.3793	8.6261
1.0469	0.8918	2.1325	1.3386	8.5117
1.0610	0.9038	2.1309	1.4128	8.7703
1.0556	0.8959	2.1467	1.3421	8.5045
1.0403	0.8862	2.1349	1.3168	8.2924
1.0608	0.9022	2.1374	1.4157	8.7772
1.0531	0.8953	2.1367	1.3736	8.6785
1.0451	0.8851	2.1498	1.3149	8.2984
1.0592	0.9000	2.1382	1.3881	8.7566
1.0609	0.9038	2.1323	1.4143	8.9436
1.0513	0.8931	2.1394	1.3430	8.6681
1.0493	0.8903	2.1421	1.3673	8.5528
1.0528	0.8950	2.1395	1.3707	8.6593
1.0517	0.8939	2.1409	1.3886	8.5580
1.0573	0.8987	2.1388	1.3778	8.6737
1.0529	0.8932	2.1442	1.3474	8.5383


IMEAN
==========================================
1.0564	0.8978	2.1203	0.8734	6.9270
1.0736	0.9131	2.1412	0.8758	6.9487
1.0528	0.8913	2.1286	0.8652	6.7161
1.0619	0.9009	2.1350	0.8690	6.9136
1.0642	0.9061	2.1298	0.8683	6.8670
1.0619	0.9046	2.1319	0.8752	6.9714
1.0598	0.9027	2.1271	0.8699	6.7065
1.0605	0.9000	2.1317	0.8695	6.7076
1.0616	0.9044	2.1283	0.8671	6.8333
1.0527	0.8953	2.1202	0.8754	6.9287
1.0667	0.9069	2.1532	0.8709	6.7516
1.0561	0.8944	2.1218	0.8659	6.8485
1.0625	0.9028	2.1311	0.8618	6.7240
1.0600	0.9031	2.1271	0.8727	6.9866
1.0631	0.9032	2.1346	0.8809	6.9222
1.0541	0.8944	2.1382	0.8576	6.6276
1.0645	0.9050	2.1319	0.8759	6.9492
1.0556	0.8972	2.1276	0.8655	6.7052
1.0629	0.9034	2.1269	0.8697	6.7806
1.0541	0.8942	2.1241	0.8653	6.7947


UPCC
==========================================
0.8182	0.6953	1.7087	0.7296	5.9304
0.8292	0.7052	1.7309	0.7330	6.0491
0.8196	0.6939	1.7142	0.7295	5.9073
0.8268	0.7014	1.7383	0.7254	5.9334
0.8252	0.7026	1.7203	0.7148	6.0369
0.8221	0.7004	1.7210	0.7248	5.9922
0.8362	0.7123	1.7223	0.7463	6.1480
0.8206	0.6964	1.7223	0.7303	5.8078
0.8141	0.6935	1.7096	0.7299	5.8047
0.8140	0.6923	1.7101	0.7218	5.9052
0.8240	0.7006	1.7498	0.7187	5.8099
0.8181	0.6929	1.7185	0.7219	5.7728
0.8334	0.7082	1.7231	0.7405	6.0966
0.8265	0.7041	1.7332	0.7294	5.9435
0.8218	0.6982	1.7238	0.7324	5.8293
0.8147	0.6912	1.7315	0.7075	5.7544
0.8180	0.6954	1.7174	0.7233	5.9413
0.8205	0.6973	1.7204	0.7305	5.9037
0.8331	0.7081	1.7223	0.7364	6.1027
0.8267	0.7013	1.7332	0.7291	5.8928


IPCC
==========================================
0.9092	0.7727	1.8349	0.7464	5.9114
0.9227	0.7848	1.8539	0.7536	5.9076
0.9041	0.7654	1.8396	0.7352	5.7576
0.9096	0.7717	1.8498	0.7398	5.8667
0.9172	0.7810	1.8438	0.7459	5.9618
0.9100	0.7753	1.8396	0.7418	5.9584
0.9124	0.7772	1.8375	0.7419	5.7797
0.9110	0.7731	1.8455	0.7397	5.7325
0.9016	0.7680	1.8336	0.7353	5.7032
0.9040	0.7688	1.8319	0.7437	5.8923
0.9111	0.7746	1.8635	0.7405	5.7275
0.9036	0.7653	1.8308	0.7385	5.7619
0.9205	0.7821	1.8481	0.7403	5.8713
0.9149	0.7795	1.8450	0.7507	5.9750
0.9118	0.7746	1.8490	0.7439	5.9130
0.9043	0.7673	1.8475	0.7329	5.6666
0.9143	0.7773	1.8427	0.7475	5.9877
0.9026	0.7671	1.8394	0.7380	5.6557
0.9139	0.7768	1.8390	0.7406	5.8751
0.9079	0.7702	1.8380	0.7415	5.7989


UIPCC
==========================================
0.8150	0.6926	1.7041	0.7120	5.8430
0.8263	0.7028	1.7261	0.7133	5.9241
0.8158	0.6906	1.7110	0.7079	5.8499
0.8226	0.6979	1.7326	0.7075	5.8129
0.8230	0.7008	1.7161	0.6999	5.9268
0.8197	0.6983	1.7173	0.7043	5.9085
0.8307	0.7076	1.7165	0.7243	5.9897
0.8178	0.6940	1.7179	0.7115	5.7247
0.8107	0.6907	1.7057	0.7092	5.7051
0.8119	0.6905	1.7081	0.7043	5.8117
0.8206	0.6977	1.7444	0.7006	5.7279
0.8148	0.6901	1.7122	0.7031	5.6793
0.8298	0.7051	1.7186	0.7192	5.9725
0.8231	0.7012	1.7264	0.7128	5.8844
0.8193	0.6961	1.7210	0.7156	5.7727
0.8123	0.6892	1.7265	0.6885	5.6589
0.8164	0.6940	1.7135	0.7087	5.8753
0.8165	0.6940	1.7171	0.7108	5.7764
0.8284	0.7042	1.7163	0.7146	5.9938
0.8225	0.6977	1.7266	0.7091	5.8054


