Metric: | MAE	| NMAE	| RMSE	| MRE	| NPRE	
==========================================
UMEAN
Avg:	14.7909	1.3223	54.9461	3.6947	22.7720
Std:	0.1696	0.0178	0.6297	0.0874	0.5641
==========================================
IMEAN
Avg:	8.2154	0.7345	45.7235	0.5579	6.3842
Std:	0.0959	0.0093	0.4073	0.0020	0.0444
==========================================
UPCC
Avg:	10.0763	0.9009	44.9462	1.6929	15.1964
Std:	0.2692	0.0254	0.4441	0.0889	0.6070
==========================================
IPCC
Avg:	9.7189	0.8689	46.8639	0.7598	9.6988
Std:	0.2032	0.0194	0.8843	0.0112	0.2727
==========================================
UIPCC
Avg:	9.5833	0.8568	45.5763	1.3786	12.6317
Std:	0.2090	0.0200	0.4795	0.0523	0.3135
==========================================


Detailed results for 20 rounds:
==========================================
UMEAN
==========================================
14.5662	1.2981	55.8827	3.6289	22.5929
14.8456	1.3279	55.1936	3.7275	22.7340
14.8530	1.3296	55.1556	3.7318	22.6196
14.8174	1.3242	55.7219	3.7970	22.7397
14.8300	1.3263	55.0385	3.6946	22.7398
14.9924	1.3433	54.5531	3.7094	22.8936
14.7274	1.3168	55.4108	3.6923	22.8895
15.0241	1.3474	53.8027	3.9029	24.2119
14.6706	1.3082	54.4379	3.5315	21.9850
14.5297	1.2953	55.5669	3.6375	22.0106
14.4190	1.2845	55.7938	3.5526	22.1893
14.9530	1.3392	53.9939	3.6418	22.4821
14.7288	1.3154	55.0195	3.6290	22.3542
14.8962	1.3336	54.7937	3.7735	23.3987
14.8963	1.3333	54.0386	3.7227	23.4186
14.5661	1.2989	55.5898	3.5702	21.7139
14.9674	1.3402	54.5219	3.7425	23.1358
14.7112	1.3127	54.7032	3.6783	23.1042
15.0263	1.3472	54.1936	3.7628	23.1289
14.7978	1.3249	55.5110	3.7665	23.0970


IMEAN
==========================================
8.0520	0.7176	45.2437	0.5579	6.4395
8.1547	0.7294	45.1670	0.5556	6.2752
8.1380	0.7285	45.2482	0.5563	6.4693
8.0394	0.7184	45.6750	0.5604	6.3423
8.1551	0.7293	45.5034	0.5601	6.3563
8.3241	0.7458	46.3844	0.5615	6.3439
8.2569	0.7382	45.9761	0.5559	6.3709
8.2915	0.7436	45.5127	0.5595	6.4131
8.3164	0.7416	45.8849	0.5563	6.3861
8.2481	0.7353	46.0106	0.5581	6.3880
8.1105	0.7225	45.5311	0.5585	6.4294
8.2629	0.7400	45.6610	0.5587	6.3681
8.2074	0.7330	45.7984	0.5557	6.3773
8.2092	0.7349	45.9320	0.5558	6.3925
8.3642	0.7486	45.8028	0.5586	6.4368
8.1606	0.7277	45.8225	0.5559	6.3573
8.2439	0.7382	46.0334	0.5547	6.3399
8.2361	0.7349	45.4863	0.5569	6.3771
8.4043	0.7535	46.7724	0.5615	6.3723
8.1322	0.7281	45.0244	0.5594	6.4479


UPCC
==========================================
9.5461	0.8507	44.6199	1.5489	14.4760
10.0104	0.8954	44.5586	1.6365	15.0835
9.9950	0.8947	44.6101	1.7438	14.5779
9.7357	0.8700	44.9441	1.6261	14.6705
9.9355	0.8885	44.6315	1.6630	15.0415
10.4716	0.9382	45.7843	1.7829	15.8979
10.1752	0.9098	45.2984	1.6591	15.7880
10.2959	0.9234	44.1675	1.8091	16.4091
10.1351	0.9038	45.0771	1.6953	14.4269
9.8364	0.8769	45.3882	1.6065	14.7820
9.5847	0.8539	44.7723	1.5985	14.5337
10.1955	0.9131	44.5215	1.6590	14.7308
10.0675	0.8991	44.8058	1.5874	15.0250
10.3205	0.9240	45.3225	1.9073	16.0631
10.4411	0.9345	44.6907	1.7571	15.4369
9.9171	0.8844	45.3295	1.6157	14.5113
10.2936	0.9217	45.2269	1.7045	15.4348
10.1731	0.9077	44.9139	1.7526	15.3376
10.5029	0.9417	45.8720	1.8158	16.1515
9.8936	0.8858	44.3893	1.6896	15.5490


IPCC
==========================================
9.2502	0.8243	45.5697	0.7461	9.4181
9.7161	0.8690	45.8857	0.7693	9.8261
9.6652	0.8652	45.9282	0.7779	10.0017
9.6526	0.8626	46.1731	0.7837	10.4549
9.6068	0.8592	46.7297	0.7551	9.3469
9.9483	0.8914	47.7039	0.7637	9.8860
9.5388	0.8529	46.4527	0.7404	9.2966
9.8295	0.8815	47.2018	0.7677	9.7655
9.7035	0.8653	46.9101	0.7460	9.2773
9.5942	0.8553	46.5654	0.7654	9.6703
9.4288	0.8400	46.1246	0.7505	9.5178
10.0638	0.9013	49.0668	0.7500	9.7015
9.6885	0.8653	46.7168	0.7541	9.5994
9.8180	0.8790	47.8431	0.7588	9.7068
10.1031	0.9043	47.9599	0.7742	9.9591
9.6396	0.8596	46.3839	0.7619	9.8527
9.8094	0.8784	47.4485	0.7557	9.5643
9.7268	0.8679	46.9835	0.7500	9.5353
10.0029	0.8968	47.9075	0.7693	9.9135
9.5919	0.8588	45.7236	0.7565	9.6826


UIPCC
==========================================
9.1161	0.8124	44.9086	1.2768	12.2598
9.5580	0.8549	44.9420	1.3661	12.6146
9.5164	0.8519	44.9848	1.4356	12.5369
9.4124	0.8411	45.3562	1.3942	12.8370
9.4551	0.8456	45.3546	1.3679	12.2936
9.8656	0.8839	46.3649	1.4212	13.1062
9.5259	0.8517	45.6344	1.3411	12.6412
9.7357	0.8731	45.3589	1.4464	13.2238
9.6010	0.8561	45.5726	1.3337	12.0932
9.4340	0.8410	45.7563	1.3333	12.3090
9.2371	0.8229	45.2523	1.2992	12.2678
9.8207	0.8796	46.2170	1.3501	12.4441
9.5489	0.8528	45.4259	1.3389	12.5180
9.7217	0.8703	46.1428	1.4578	13.0663
9.9453	0.8901	45.8169	1.4499	12.8909
9.4863	0.8459	45.6114	1.3509	12.4164
9.7144	0.8699	45.9338	1.3874	12.5477
9.6298	0.8593	45.5408	1.3894	12.6833
9.8990	0.8875	46.5504	1.4653	12.9951
9.4420	0.8454	44.8005	1.3672	12.8898


