Metric: | MAE	| NMAE	| RMSE	| MRE	| NPRE	
==========================================
UMEAN
Avg:	14.7374	1.3168	54.9958	3.7789	22.5904
Std:	0.1066	0.0140	0.8908	0.0838	0.5121
==========================================
IMEAN
Avg:	7.8398	0.7005	44.2644	0.5456	6.4575
Std:	0.0603	0.0067	0.5658	0.0022	0.0447
==========================================
UPCC
Avg:	9.1904	0.8212	42.4932	1.4692	14.6882
Std:	0.1581	0.0160	0.8571	0.0779	0.4328
==========================================
IPCC
Avg:	9.3148	0.8323	44.9869	0.7596	9.9978
Std:	0.1379	0.0141	0.3403	0.0052	0.1256
==========================================
UIPCC
Avg:	8.9800	0.8024	43.3899	1.3020	12.6034
Std:	0.1286	0.0133	0.6360	0.0412	0.2177
==========================================


Detailed results for 20 rounds:
==========================================
UMEAN
==========================================
14.6731	1.3081	56.4056	3.7581	22.5888
14.8035	1.3256	55.4778	3.8215	22.6598
14.6319	1.3031	56.2653	3.7184	21.7518
14.7015	1.3114	56.0335	3.7622	22.4276
14.9045	1.3385	53.5340	3.8621	23.0705
14.8175	1.3272	54.7401	3.7889	22.9299
14.7067	1.3131	55.5976	3.7565	22.5424
14.9151	1.3401	53.8042	3.9910	23.9346
14.4576	1.2795	55.4155	3.5555	21.4792
14.6753	1.3095	54.7685	3.7509	22.6309
14.6188	1.3010	55.2016	3.7343	22.4009
14.7886	1.3234	54.5751	3.7914	22.4499
14.7798	1.3206	53.4367	3.7136	22.5744
14.7372	1.3174	55.1922	3.7980	22.4542
14.7979	1.3260	54.1949	3.8183	22.8702
14.6217	1.3009	55.8178	3.6593	21.8409
14.8261	1.3271	54.1549	3.8266	22.9010
14.8524	1.3319	54.2993	3.8324	23.1233
14.7282	1.3173	54.7789	3.8228	22.4797
14.7107	1.3153	56.2220	3.8160	22.6988


IMEAN
==========================================
7.7837	0.6939	45.0910	0.5469	6.5204
7.8689	0.7046	44.9525	0.5459	6.4667
7.7351	0.6889	45.0773	0.5435	6.4417
7.7396	0.6904	45.0100	0.5438	6.4033
7.9342	0.7125	43.4221	0.5448	6.4438
7.9049	0.7080	44.1370	0.5497	6.4511
7.8122	0.6975	44.6427	0.5448	6.4376
7.8761	0.7077	43.7968	0.5439	6.4646
7.8379	0.6936	44.4495	0.5435	6.4374
7.9326	0.7078	44.0310	0.5477	6.4763
7.8348	0.6973	44.4267	0.5453	6.4107
7.7812	0.6963	43.8096	0.5453	6.4586
7.9570	0.7110	43.5908	0.5451	6.4584
7.7808	0.6955	44.0715	0.5449	6.3664
7.8379	0.7023	43.3450	0.5467	6.5192
7.8213	0.6959	44.6725	0.5449	6.4833
7.8315	0.7010	43.7482	0.5403	6.3956
7.8781	0.7065	44.0251	0.5491	6.4495
7.8437	0.7015	43.9087	0.5484	6.5078
7.8049	0.6978	45.0803	0.5480	6.5569


UPCC
==========================================
9.0609	0.8078	43.7400	1.4697	14.6087
9.2268	0.8262	43.5685	1.4642	14.6298
8.9924	0.8009	43.4324	1.4732	13.7855
8.9360	0.7971	43.3008	1.3630	14.0666
9.4269	0.8466	41.3725	1.5913	15.1632
9.4010	0.8421	42.5544	1.5102	15.6130
9.2050	0.8219	42.7748	1.4930	14.7562
9.2622	0.8322	42.1903	1.5401	14.8998
9.0100	0.7974	42.8997	1.3197	13.8835
9.1595	0.8173	42.1248	1.4136	14.5739
9.1304	0.8126	43.0264	1.4533	14.8688
9.1011	0.8144	41.7156	1.4482	14.2607
9.3848	0.8385	40.6610	1.3773	14.8927
9.2829	0.8298	42.6918	1.6044	14.8723
9.2466	0.8286	41.5678	1.4816	14.5407
9.2202	0.8204	43.2358	1.4496	14.5848
9.1694	0.8208	41.1983	1.4101	14.9735
9.5302	0.8546	42.1920	1.6089	15.2257
9.1026	0.8141	42.0819	1.5306	14.9113
8.9594	0.8010	43.5359	1.3819	14.6539


IPCC
==========================================
9.0942	0.8108	45.2255	0.7586	9.8557
9.2854	0.8315	45.3338	0.7698	10.0795
9.0433	0.8054	45.2992	0.7646	10.0450
9.1108	0.8127	45.3518	0.7625	10.0516
9.4941	0.8526	44.7387	0.7555	9.9558
9.3694	0.8392	45.0077	0.7639	10.0054
9.1888	0.8204	45.0839	0.7518	9.8713
9.3547	0.8405	44.7543	0.7633	10.0445
9.2303	0.8169	45.3514	0.7547	9.7656
9.4745	0.8454	44.8222	0.7516	10.0004
9.1950	0.8183	45.1027	0.7565	9.7116
9.3375	0.8356	44.8526	0.7559	10.0187
9.5800	0.8560	45.1833	0.7630	10.0556
9.3353	0.8345	44.9291	0.7599	9.9636
9.4477	0.8466	44.0635	0.7589	10.1384
9.2979	0.8273	45.4112	0.7573	9.9733
9.3537	0.8373	44.5385	0.7525	9.9050
9.4545	0.8478	44.6387	0.7667	10.2080
9.3780	0.8387	44.7153	0.7670	10.1320
9.2716	0.8290	45.3339	0.7587	10.1753


UIPCC
==========================================
8.8115	0.7856	44.2655	1.2776	12.5193
8.9822	0.8043	44.1679	1.3145	12.6447
8.7456	0.7789	44.1766	1.3115	12.1664
8.7682	0.7821	44.0718	1.2505	12.4163
9.1715	0.8236	42.5872	1.3594	12.7291
9.0906	0.8142	43.3982	1.3387	12.9625
8.9080	0.7953	43.6658	1.2953	12.5373
9.0326	0.8116	43.0548	1.3298	12.6919
8.8682	0.7848	43.7715	1.2126	12.1402
9.0580	0.8083	43.0352	1.2655	12.6074
8.8955	0.7917	43.7558	1.2868	12.4685
8.9490	0.8008	42.9150	1.2919	12.4043
9.2059	0.8226	42.4230	1.2840	12.7638
9.0240	0.8067	43.4370	1.3522	12.6948
9.0738	0.8131	42.3368	1.3182	12.6278
8.9876	0.7997	43.9940	1.2994	12.5010
8.9835	0.8041	42.4908	1.2807	12.6862
9.1919	0.8243	43.0207	1.3840	13.0512
8.9835	0.8035	43.0185	1.3434	12.7356
8.8690	0.7930	44.2127	1.2440	12.7204


