Metric: | MAE	| NMAE	| RMSE	| MRE	| NPRE	
==========================================
UMEAN
Avg:	14.7445	1.3168	55.1735	3.8259	22.6536
Std:	0.0733	0.0124	1.2932	0.0524	0.3568
==========================================
IMEAN
Avg:	7.7018	0.6878	43.8893	0.5420	6.4675
Std:	0.0601	0.0059	1.1361	0.0019	0.0521
==========================================
UPCC
Avg:	8.6665	0.7740	41.0088	1.3523	14.6279
Std:	0.1144	0.0115	1.4390	0.0479	0.3280
==========================================
IPCC
Avg:	9.1188	0.8144	44.3685	0.7434	9.9412
Std:	0.1401	0.0139	0.9291	0.0059	0.1399
==========================================
UIPCC
Avg:	8.6214	0.7699	42.2522	1.2431	12.5202
Std:	0.1126	0.0114	1.2543	0.0253	0.1647
==========================================


Detailed results for 20 rounds:
==========================================
UMEAN
==========================================
14.7693	1.3207	55.0899	3.8677	23.1356
14.5855	1.2887	56.5404	3.7025	21.6755
14.7500	1.3190	55.8458	3.8593	22.8709
14.7817	1.3233	53.8148	3.8188	22.7389
14.7095	1.3128	56.6218	3.8445	22.8443
14.7399	1.3160	56.1871	3.8295	22.3396
14.9418	1.3497	51.6480	3.8823	23.3449
14.6755	1.3054	55.8155	3.7859	22.4538
14.8237	1.3308	54.3175	3.8830	22.9548
14.6270	1.2950	55.9656	3.7479	22.3635
14.8087	1.3252	54.0345	3.8591	22.7021
14.7170	1.3103	53.9507	3.7885	22.5812
14.7662	1.3211	54.8709	3.8572	23.0381
14.7704	1.3234	56.9549	3.8583	22.4779
14.7583	1.3167	53.7815	3.8239	22.4623
14.7648	1.3200	55.7271	3.8924	22.8365
14.7831	1.3228	54.5228	3.8850	22.8217
14.7363	1.3146	54.9301	3.7685	22.4474
14.7136	1.3134	56.2984	3.8193	22.7113
14.6670	1.3069	56.5516	3.7447	22.2725


IMEAN
==========================================
7.5963	0.6793	43.4378	0.5436	6.4642
7.7254	0.6826	44.8678	0.5413	6.4881
7.7092	0.6894	44.5386	0.5466	6.5255
7.6860	0.6881	42.3221	0.5397	6.3910
7.7407	0.6908	45.3516	0.5460	6.5539
7.7090	0.6883	45.0353	0.5408	6.4561
7.8032	0.7049	42.1800	0.5444	6.4582
7.6842	0.6835	44.4980	0.5423	6.5963
7.6616	0.6878	42.8237	0.5444	6.5012
7.7851	0.6893	44.8033	0.5403	6.4201
7.6468	0.6843	42.4116	0.5421	6.4111
7.6958	0.6852	42.3637	0.5422	6.4316
7.6835	0.6874	43.4978	0.5412	6.4742
7.6369	0.6843	45.6588	0.5425	6.4803
7.8611	0.7014	42.6646	0.5408	6.3783
7.6518	0.6841	44.3526	0.5413	6.4280
7.7066	0.6896	43.1234	0.5395	6.4488
7.7229	0.6889	43.7012	0.5411	6.4481
7.6433	0.6823	44.8468	0.5404	6.5070
7.6858	0.6848	45.3075	0.5405	6.4891


UPCC
==========================================
8.5179	0.7617	40.8731	1.4038	14.6588
8.5257	0.7533	42.0116	1.3438	13.9738
8.7395	0.7815	42.1409	1.3735	14.4704
8.7472	0.7831	39.4730	1.3534	14.8675
8.7927	0.7847	42.7645	1.4822	15.0837
8.7155	0.7781	42.3196	1.3559	14.6092
8.8306	0.7977	37.4130	1.3814	15.2122
8.5608	0.7615	41.5137	1.2813	14.4394
8.7214	0.7829	39.8469	1.3603	14.8715
8.8294	0.7817	42.6452	1.2956	14.8724
8.6940	0.7780	40.1649	1.3202	15.1271
8.7756	0.7813	40.0108	1.3969	14.4584
8.6813	0.7767	40.1832	1.4155	15.0213
8.5302	0.7643	43.0025	1.3594	14.5180
8.8071	0.7858	39.2274	1.3426	14.4942
8.5486	0.7642	41.4631	1.3550	14.4013
8.6711	0.7759	39.8032	1.2935	14.6997
8.6411	0.7708	40.8091	1.2922	14.2589
8.4811	0.7571	41.8098	1.3066	14.3353
8.5190	0.7591	42.6995	1.3334	14.1851


IPCC
==========================================
8.9733	0.8024	43.5774	0.7438	10.0018
9.0680	0.8012	45.3640	0.7451	9.8451
9.2446	0.8267	45.2420	0.7534	10.0970
9.0155	0.8071	42.9845	0.7351	9.5720
9.0383	0.8067	45.3385	0.7427	9.9595
9.1420	0.8162	45.4167	0.7491	9.9905
9.4819	0.8565	43.6678	0.7429	9.8901
9.1535	0.8142	45.1043	0.7498	10.2174
9.0442	0.8119	43.2500	0.7470	10.0482
9.1249	0.8079	45.1523	0.7422	9.8279
9.2100	0.8242	43.3311	0.7508	10.1409
9.2124	0.8202	42.8612	0.7524	10.0172
9.0643	0.8110	44.0569	0.7355	9.9166
8.9306	0.8002	45.7318	0.7434	9.8457
9.3926	0.8380	43.5054	0.7335	9.8770
8.9487	0.8000	44.5255	0.7370	9.7325
9.1262	0.8166	43.6473	0.7346	9.8948
9.1982	0.8205	44.2023	0.7467	10.0031
9.0493	0.8078	45.2726	0.7403	9.9520
8.9576	0.7982	45.1383	0.7425	9.9955


UIPCC
==========================================
8.4745	0.7578	41.7406	1.2522	12.6196
8.5439	0.7549	43.3700	1.2129	12.1602
8.7225	0.7800	43.2521	1.2709	12.6929
8.5943	0.7694	40.7682	1.2237	12.3661
8.6268	0.7699	43.7385	1.3046	12.6679
8.6541	0.7726	43.5367	1.2553	12.5613
8.8834	0.8024	39.7585	1.2834	12.6733
8.6020	0.7652	42.9712	1.2338	12.5387
8.6039	0.7724	41.1440	1.2598	12.6546
8.6986	0.7702	43.4844	1.2227	12.4754
8.6808	0.7768	41.0268	1.2536	12.8144
8.7075	0.7752	40.7498	1.2702	12.4921
8.6050	0.7699	41.7855	1.2565	12.7315
8.4601	0.7580	44.0916	1.2310	12.3241
8.8349	0.7882	40.7603	1.2290	12.3705
8.4816	0.7582	42.6702	1.2285	12.2660
8.6132	0.7707	41.3231	1.2306	12.5243
8.6593	0.7725	42.0540	1.2199	12.5213
8.5084	0.7595	43.2205	1.2095	12.5758
8.4725	0.7549	43.5972	1.2129	12.3735


