Metric: | MAE	| NMAE	| RMSE	| MRE	| NPRE	
==========================================
UMEAN
Avg:	1.4167	0.9945	2.9021	1.7455	11.2525
Std:	0.0021	0.0034	0.0127	0.0158	0.0937
==========================================
IMEAN
Avg:	1.0942	0.7681	2.1967	1.2086	7.1584
Std:	0.0013	0.0028	0.0065	0.0133	0.0489
==========================================
UPCC
Avg:	0.7519	0.5278	1.6964	0.5647	4.8589
Std:	0.0043	0.0037	0.0093	0.0074	0.1042
==========================================
IPCC
Avg:	0.8987	0.6309	1.8551	0.7321	6.1809
Std:	0.0072	0.0043	0.0111	0.0059	0.1080
==========================================
UIPCC
Avg:	0.7541	0.5293	1.6893	0.5642	5.0805
Std:	0.0038	0.0031	0.0091	0.0066	0.0856
==========================================


Detailed results for 20 rounds:
==========================================
UMEAN
==========================================
1.4152	0.9943	2.9062	1.7426	11.1478
1.4170	0.9958	2.8924	1.7591	11.2542
1.4169	0.9927	2.9075	1.7290	11.2567
1.4165	0.9927	2.9149	1.7469	11.1876
1.4127	0.9945	2.8837	1.7336	11.2816
1.4205	0.9930	2.9148	1.7532	11.2462
1.4204	0.9912	2.9203	1.7376	11.1575
1.4143	0.9959	2.8981	1.7620	11.3663
1.4198	0.9926	2.9053	1.7167	11.2034
1.4157	1.0000	2.8865	1.7727	11.3510
1.4150	0.9949	2.8947	1.7345	11.1812
1.4156	0.9888	2.9211	1.7221	11.1413
1.4167	1.0008	2.8854	1.7708	11.3640
1.4142	0.9982	2.8839	1.7645	11.3477
1.4175	0.9906	2.9174	1.7254	11.2214
1.4187	0.9915	2.9147	1.7513	11.2269
1.4172	0.9924	2.9084	1.7539	11.1810
1.4159	0.9984	2.8851	1.7525	11.3897
1.4149	0.9909	2.9068	1.7313	11.0992
1.4190	1.0007	2.8949	1.7496	11.4456


IMEAN
==========================================
1.0940	0.7686	2.1990	1.2100	7.1805
1.0940	0.7688	2.1933	1.2048	7.1729
1.0947	0.7670	2.2006	1.2180	7.1361
1.0945	0.7670	2.2000	1.2086	7.1674
1.0940	0.7701	2.1872	1.1984	7.1631
1.0934	0.7644	2.1995	1.2054	7.1790
1.0961	0.7649	2.2112	1.1870	7.0609
1.0951	0.7711	2.1915	1.2252	7.2261
1.0951	0.7656	2.2030	1.1942	7.0602
1.0935	0.7724	2.1902	1.2243	7.1525
1.0933	0.7687	2.1858	1.2185	7.2295
1.0961	0.7656	2.2043	1.2212	7.1504
1.0922	0.7715	2.1970	1.2021	7.2311
1.0935	0.7718	2.1908	1.2252	7.1929
1.0939	0.7644	2.1931	1.1993	7.0937
1.0916	0.7629	2.2036	1.1896	7.1116
1.0960	0.7675	2.1983	1.2029	7.1793
1.0931	0.7708	2.2026	1.2002	7.1318
1.0965	0.7680	2.1964	1.1982	7.1379
1.0932	0.7710	2.1873	1.2381	7.2108


UPCC
==========================================
0.7552	0.5305	1.7155	0.5663	4.9451
0.7582	0.5328	1.6916	0.5675	5.0052
0.7502	0.5256	1.6994	0.5690	4.8640
0.7460	0.5228	1.6977	0.5548	4.6708
0.7542	0.5309	1.6861	0.5620	4.9234
0.7590	0.5306	1.7077	0.5724	5.0323
0.7555	0.5272	1.7098	0.5628	4.8869
0.7430	0.5232	1.6799	0.5595	4.7840
0.7557	0.5284	1.6965	0.5739	4.8471
0.7547	0.5330	1.6956	0.5775	4.9035
0.7503	0.5275	1.6857	0.5549	4.7858
0.7514	0.5248	1.7038	0.5658	4.7782
0.7510	0.5305	1.6964	0.5716	4.9211
0.7501	0.5295	1.6841	0.5642	4.8374
0.7424	0.5188	1.6824	0.5468	4.6779
0.7506	0.5246	1.7000	0.5610	4.7643
0.7510	0.5259	1.6990	0.5585	4.8921
0.7525	0.5306	1.7034	0.5665	4.8884
0.7528	0.5272	1.7017	0.5642	4.7295
0.7547	0.5322	1.6915	0.5750	5.0418


IPCC
==========================================
0.9035	0.6347	1.8795	0.7305	6.1189
0.8910	0.6261	1.8440	0.7328	6.0240
0.9097	0.6374	1.8657	0.7384	6.3650
0.9108	0.6383	1.8673	0.7440	6.4275
0.8977	0.6319	1.8425	0.7302	6.1415
0.9088	0.6353	1.8648	0.7454	6.3500
0.9091	0.6344	1.8731	0.7335	6.2208
0.8879	0.6252	1.8339	0.7297	6.1480
0.9007	0.6297	1.8527	0.7313	6.1736
0.8958	0.6327	1.8566	0.7366	6.0911
0.8967	0.6305	1.8472	0.7323	6.1880
0.8942	0.6246	1.8539	0.7284	6.0967
0.8896	0.6285	1.8485	0.7260	6.1194
0.9008	0.6358	1.8625	0.7361	6.1737
0.8931	0.6241	1.8505	0.7197	5.9979
0.8965	0.6266	1.8567	0.7270	6.1755
0.9020	0.6317	1.8584	0.7310	6.2243
0.8902	0.6278	1.8492	0.7247	6.0733
0.9058	0.6344	1.8549	0.7347	6.2405
0.8900	0.6276	1.8403	0.7305	6.2685


UIPCC
==========================================
0.7573	0.5320	1.7085	0.5641	5.1597
0.7577	0.5324	1.6841	0.5700	5.1827
0.7545	0.5286	1.6927	0.5655	5.1176
0.7521	0.5271	1.6920	0.5626	4.9763
0.7549	0.5314	1.6779	0.5604	5.1227
0.7611	0.5321	1.7013	0.5718	5.2194
0.7588	0.5295	1.7036	0.5619	5.1086
0.7453	0.5248	1.6732	0.5610	4.9920
0.7581	0.5301	1.6893	0.5758	5.0765
0.7561	0.5340	1.6881	0.5741	5.1387
0.7530	0.5294	1.6783	0.5586	5.0128
0.7526	0.5257	1.6959	0.5677	4.9845
0.7512	0.5306	1.6893	0.5652	5.0928
0.7533	0.5317	1.6793	0.5665	5.1078
0.7456	0.5211	1.6771	0.5458	4.8992
0.7528	0.5261	1.6937	0.5620	4.9822
0.7541	0.5281	1.6914	0.5563	5.1065
0.7522	0.5304	1.6939	0.5613	5.0711
0.7559	0.5294	1.6925	0.5642	5.0247
0.7548	0.5323	1.6834	0.5702	5.2333


