Metric: | MAE	| NMAE	| RMSE	| MRE	| NPRE	
==========================================
UMEAN
Avg:	1.4158	0.9945	2.9000	1.7457	11.2445
Std:	0.0018	0.0038	0.0117	0.0168	0.0876
==========================================
IMEAN
Avg:	1.0967	0.7704	2.2037	1.1824	7.1628
Std:	0.0015	0.0026	0.0073	0.0107	0.0444
==========================================
UPCC
Avg:	0.7738	0.5436	1.7238	0.5890	5.1489
Std:	0.0031	0.0032	0.0105	0.0085	0.0856
==========================================
IPCC
Avg:	0.9299	0.6532	1.9021	0.7571	6.4953
Std:	0.0050	0.0040	0.0109	0.0050	0.0915
==========================================
UIPCC
Avg:	0.7780	0.5465	1.7221	0.5884	5.3608
Std:	0.0027	0.0028	0.0106	0.0073	0.0759
==========================================


Detailed results for 20 rounds:
==========================================
UMEAN
==========================================
1.4151	0.9930	2.9097	1.7554	11.1396
1.4184	0.9984	2.8916	1.7712	11.3039
1.4145	0.9905	2.9088	1.7266	11.1503
1.4136	0.9927	2.9024	1.7457	11.2395
1.4150	0.9970	2.8842	1.7402	11.3029
1.4193	0.9919	2.9156	1.7521	11.2319
1.4171	0.9908	2.9175	1.7333	11.1711
1.4142	0.9967	2.8915	1.7662	11.3630
1.4182	0.9950	2.9003	1.7252	11.1962
1.4158	1.0013	2.8784	1.7755	11.3719
1.4146	0.9936	2.8958	1.7288	11.1369
1.4133	0.9879	2.9162	1.7237	11.1364
1.4181	1.0009	2.8874	1.7584	11.3536
1.4143	0.9997	2.8816	1.7640	11.3455
1.4148	0.9898	2.9145	1.7193	11.2240
1.4165	0.9937	2.9050	1.7566	11.2365
1.4149	0.9920	2.9025	1.7528	11.2137
1.4162	0.9973	2.8902	1.7524	11.3616
1.4134	0.9908	2.9008	1.7258	11.0937
1.4183	0.9966	2.9068	1.7409	11.3180


IMEAN
==========================================
1.0955	0.7688	2.2110	1.1849	7.1545
1.0960	0.7715	2.1966	1.1763	7.1986
1.0972	0.7683	2.2072	1.1915	7.1214
1.0955	0.7693	2.2042	1.1841	7.1472
1.0966	0.7726	2.1951	1.1740	7.1525
1.0954	0.7656	2.2129	1.1707	7.1491
1.0983	0.7679	2.2148	1.1745	7.1027
1.0984	0.7742	2.1992	1.1925	7.2066
1.0978	0.7702	2.2027	1.1779	7.1178
1.0953	0.7746	2.1908	1.2010	7.1892
1.0959	0.7698	2.1971	1.1813	7.2297
1.0995	0.7685	2.2134	1.1833	7.1341
1.0958	0.7735	2.2036	1.1826	7.2272
1.0971	0.7755	2.1900	1.2041	7.2361
1.0967	0.7673	2.2104	1.1726	7.0936
1.0931	0.7669	2.2092	1.1701	7.1262
1.0979	0.7698	2.2094	1.1799	7.1326
1.0955	0.7715	2.2064	1.1754	7.1435
1.0992	0.7705	2.2027	1.1680	7.1584
1.0980	0.7715	2.1984	1.2036	7.2354


UPCC
==========================================
0.7724	0.5420	1.7482	0.5754	5.0898
0.7765	0.5466	1.7127	0.5856	5.2283
0.7747	0.5425	1.7255	0.6031	5.2319
0.7673	0.5388	1.7229	0.5838	4.9482
0.7791	0.5490	1.7156	0.5950	5.2590
0.7774	0.5433	1.7363	0.5846	5.1671
0.7728	0.5403	1.7306	0.5798	5.1020
0.7673	0.5408	1.7049	0.5907	5.1313
0.7764	0.5447	1.7151	0.5990	5.2138
0.7763	0.5490	1.7146	0.6074	5.1998
0.7751	0.5444	1.7235	0.5803	5.0814
0.7730	0.5403	1.7336	0.5892	5.0063
0.7766	0.5482	1.7269	0.5898	5.2314
0.7748	0.5477	1.7039	0.5971	5.2748
0.7689	0.5379	1.7270	0.5763	5.0887
0.7734	0.5426	1.7330	0.5834	5.0885
0.7737	0.5425	1.7313	0.5824	5.2170
0.7733	0.5446	1.7253	0.5908	5.1495
0.7753	0.5435	1.7263	0.5904	5.0717
0.7727	0.5429	1.7183	0.5964	5.1980


IPCC
==========================================
0.9334	0.6550	1.9300	0.7554	6.4560
0.9284	0.6535	1.8860	0.7619	6.5029
0.9392	0.6577	1.9152	0.7612	6.6549
0.9321	0.6545	1.9025	0.7621	6.5550
0.9359	0.6594	1.8945	0.7613	6.5551
0.9276	0.6483	1.9044	0.7558	6.4676
0.9404	0.6575	1.9205	0.7614	6.5936
0.9271	0.6534	1.8950	0.7581	6.5436
0.9283	0.6513	1.8948	0.7497	6.4397
0.9310	0.6584	1.9025	0.7647	6.4925
0.9361	0.6575	1.9058	0.7620	6.5584
0.9274	0.6482	1.9033	0.7545	6.4038
0.9250	0.6529	1.9019	0.7533	6.4776
0.9277	0.6557	1.8830	0.7634	6.5661
0.9201	0.6437	1.9042	0.7454	6.2229
0.9241	0.6483	1.9033	0.7529	6.4007
0.9328	0.6540	1.9098	0.7564	6.5236
0.9271	0.6528	1.8996	0.7525	6.4683
0.9273	0.6500	1.8936	0.7541	6.4273
0.9268	0.6512	1.8913	0.7562	6.5964


UIPCC
==========================================
0.7773	0.5455	1.7470	0.5754	5.3162
0.7797	0.5488	1.7098	0.5894	5.4167
0.7809	0.5468	1.7262	0.5976	5.4511
0.7737	0.5433	1.7215	0.5874	5.2147
0.7824	0.5513	1.7126	0.5936	5.4544
0.7810	0.5459	1.7343	0.5858	5.3497
0.7788	0.5445	1.7309	0.5827	5.3377
0.7722	0.5442	1.7056	0.5910	5.3428
0.7803	0.5475	1.7143	0.5978	5.3956
0.7805	0.5520	1.7128	0.6034	5.4344
0.7796	0.5476	1.7210	0.5833	5.3210
0.7770	0.5431	1.7311	0.5920	5.2378
0.7789	0.5498	1.7252	0.5874	5.4086
0.7782	0.5500	1.7009	0.5958	5.4948
0.7725	0.5404	1.7264	0.5724	5.2484
0.7766	0.5449	1.7311	0.5836	5.3052
0.7785	0.5458	1.7297	0.5826	5.4078
0.7767	0.5469	1.7234	0.5873	5.3343
0.7786	0.5458	1.7231	0.5869	5.3076
0.7768	0.5458	1.7161	0.5935	5.4379


