Metric: | MAE	| NMAE	| RMSE	| MRE	| NPRE	
==========================================
UMEAN
Avg:	1.1719	0.8902	2.2811	1.4055	9.0370
Std:	0.0013	0.0022	0.0067	0.0117	0.0750
==========================================
IMEAN
Avg:	1.1308	0.8590	2.1247	1.2527	7.3317
Std:	0.0012	0.0024	0.0049	0.0105	0.0492
==========================================
UPCC
Avg:	0.7222	0.5486	1.6021	0.5095	3.6834
Std:	0.0029	0.0019	0.0070	0.0063	0.0659
==========================================
IPCC
Avg:	0.8690	0.6601	1.7370	0.7267	5.5401
Std:	0.0062	0.0048	0.0070	0.0068	0.1191
==========================================
UIPCC
Avg:	0.7277	0.5528	1.5996	0.5282	3.9770
Std:	0.0029	0.0019	0.0069	0.0052	0.0588
==========================================


Detailed results for 20 rounds:
==========================================
UMEAN
==========================================
1.1722	0.8896	2.2882	1.4058	9.0331
1.1745	0.8917	2.2877	1.4145	9.0396
1.1720	0.8897	2.2867	1.4046	9.0134
1.1708	0.8919	2.2790	1.4024	9.1040
1.1702	0.8891	2.2829	1.3988	9.0117
1.1694	0.8927	2.2664	1.4218	9.1686
1.1726	0.8911	2.2766	1.4141	9.0128
1.1715	0.8891	2.2845	1.3891	8.9625
1.1714	0.8903	2.2828	1.3998	9.0543
1.1736	0.8935	2.2806	1.4128	9.0667
1.1706	0.8847	2.2935	1.3844	8.8372
1.1710	0.8889	2.2877	1.3916	9.0057
1.1736	0.8941	2.2757	1.4318	9.1941
1.1710	0.8906	2.2696	1.4192	9.0289
1.1739	0.8871	2.2903	1.3992	8.9374
1.1712	0.8922	2.2773	1.4135	9.0491
1.1723	0.8890	2.2779	1.4063	9.0354
1.1720	0.8878	2.2792	1.3884	9.0067
1.1708	0.8906	2.2752	1.4035	9.0849
1.1731	0.8904	2.2803	1.4084	9.0944


IMEAN
==========================================
1.1320	0.8591	2.1291	1.2615	7.3300
1.1319	0.8594	2.1257	1.2442	7.4041
1.1314	0.8589	2.1240	1.2667	7.2938
1.1316	0.8621	2.1205	1.2589	7.4566
1.1296	0.8583	2.1187	1.2604	7.2971
1.1304	0.8629	2.1169	1.2587	7.2939
1.1298	0.8586	2.1190	1.2550	7.2799
1.1306	0.8580	2.1218	1.2568	7.2988
1.1313	0.8599	2.1254	1.2588	7.3814
1.1318	0.8617	2.1211	1.2692	7.3958
1.1308	0.8546	2.1314	1.2371	7.3277
1.1286	0.8567	2.1221	1.2571	7.2959
1.1318	0.8622	2.1300	1.2565	7.3341
1.1302	0.8596	2.1194	1.2423	7.3323
1.1286	0.8529	2.1356	1.2332	7.2589
1.1306	0.8612	2.1209	1.2624	7.3516
1.1303	0.8571	2.1292	1.2504	7.3161
1.1342	0.8591	2.1271	1.2385	7.3509
1.1302	0.8597	2.1272	1.2352	7.2669
1.1315	0.8589	2.1296	1.2505	7.3673


UPCC
==========================================
0.7251	0.5503	1.6159	0.5110	3.7636
0.7262	0.5514	1.6056	0.5155	3.7112
0.7192	0.5460	1.6024	0.4975	3.5948
0.7215	0.5497	1.5941	0.5089	3.7630
0.7220	0.5486	1.5980	0.5149	3.6719
0.7142	0.5452	1.5900	0.4994	3.6613
0.7191	0.5465	1.5851	0.5073	3.6066
0.7255	0.5506	1.6009	0.5181	3.7172
0.7209	0.5479	1.6013	0.5085	3.6871
0.7223	0.5499	1.5996	0.5136	3.7004
0.7213	0.5452	1.6082	0.5074	3.5876
0.7245	0.5499	1.6019	0.5202	3.8418
0.7214	0.5496	1.6043	0.5109	3.6392
0.7183	0.5463	1.5947	0.5083	3.6886
0.7239	0.5470	1.6085	0.5141	3.6745
0.7243	0.5518	1.6050	0.5189	3.7260
0.7231	0.5483	1.6081	0.5068	3.5757
0.7254	0.5495	1.6015	0.4989	3.6868
0.7208	0.5482	1.6080	0.5060	3.6226
0.7244	0.5499	1.6080	0.5037	3.7474


IPCC
==========================================
0.8611	0.6535	1.7401	0.7204	5.4043
0.8726	0.6625	1.7469	0.7296	5.5693
0.8708	0.6611	1.7406	0.7279	5.5629
0.8749	0.6665	1.7361	0.7374	5.7157
0.8710	0.6618	1.7295	0.7323	5.4858
0.8526	0.6509	1.7159	0.7185	5.3191
0.8707	0.6617	1.7281	0.7249	5.5372
0.8632	0.6551	1.7335	0.7205	5.4113
0.8715	0.6624	1.7433	0.7272	5.5857
0.8644	0.6581	1.7295	0.7281	5.5102
0.8710	0.6583	1.7425	0.7260	5.5587
0.8679	0.6588	1.7398	0.7279	5.5573
0.8767	0.6679	1.7439	0.7374	5.6513
0.8709	0.6624	1.7328	0.7256	5.6162
0.8628	0.6520	1.7402	0.7159	5.3646
0.8707	0.6633	1.7370	0.7284	5.6274
0.8639	0.6551	1.7374	0.7195	5.4091
0.8749	0.6627	1.7385	0.7321	5.6288
0.8674	0.6597	1.7437	0.7152	5.4722
0.8809	0.6687	1.7414	0.7393	5.8142


UIPCC
==========================================
0.7294	0.5535	1.6124	0.5261	3.9838
0.7311	0.5551	1.6041	0.5313	4.0226
0.7256	0.5508	1.5996	0.5201	3.9118
0.7276	0.5542	1.5926	0.5294	4.0482
0.7269	0.5523	1.5942	0.5285	3.9599
0.7184	0.5484	1.5869	0.5164	3.8966
0.7256	0.5514	1.5834	0.5284	3.9164
0.7295	0.5537	1.5982	0.5325	3.9808
0.7275	0.5529	1.6005	0.5292	4.0051
0.7270	0.5535	1.5965	0.5317	3.9891
0.7277	0.5500	1.6058	0.5282	3.9162
0.7296	0.5538	1.6005	0.5357	4.0703
0.7285	0.5550	1.6023	0.5357	3.9632
0.7245	0.5510	1.5919	0.5272	4.0039
0.7287	0.5507	1.6063	0.5305	3.9435
0.7296	0.5558	1.6015	0.5366	4.0158
0.7281	0.5521	1.6058	0.5224	3.8986
0.7315	0.5541	1.5988	0.5234	3.9902
0.7261	0.5523	1.6053	0.5223	3.9075
0.7319	0.5556	1.6046	0.5296	4.1158


