Metric: | MAE	| NMAE	| RMSE	| MRE	| NPRE	
==========================================
UMEAN
Avg:	15.4991	1.3362	53.4993	4.1832	26.9278
Std:	0.0676	0.0112	0.6880	0.0647	0.5921
==========================================
IMEAN
Avg:	8.5211	0.7346	42.5335	0.5745	7.5717
Std:	0.0388	0.0042	0.6288	0.0020	0.0587
==========================================
UPCC
Avg:	9.8645	0.8504	39.2505	1.8430	18.1573
Std:	0.1166	0.0128	0.8245	0.0987	0.4537
==========================================
IPCC
Avg:	10.6732	0.9202	43.0489	0.8541	13.1018
Std:	0.1038	0.0110	0.5509	0.0059	0.1931
==========================================
UIPCC
Avg:	10.0237	0.8642	40.7464	1.6609	16.0810
Std:	0.0871	0.0101	0.7087	0.0470	0.2830
==========================================


Detailed results for 20 rounds:
==========================================
UMEAN
==========================================
15.4718	1.3314	53.4077	4.1351	26.4444
15.4892	1.3324	53.7373	4.1695	26.9821
15.4965	1.3366	54.2601	4.2043	27.2686
15.5867	1.3490	53.2184	4.2869	27.9939
15.5258	1.3410	52.5826	4.2087	27.2193
15.5136	1.3370	53.7357	4.1485	26.4846
15.4539	1.3300	53.3064	4.1717	27.0383
15.4349	1.3227	54.2102	4.0877	26.1590
15.3761	1.3181	53.7943	4.1320	26.2424
15.3828	1.3167	54.6577	4.0318	25.6995
15.6393	1.3598	53.1505	4.3410	27.6683
15.4591	1.3327	51.8898	4.1854	26.6187
15.4896	1.3352	53.5195	4.1486	26.8941
15.4626	1.3283	54.4616	4.1775	26.5712
15.6170	1.3578	53.5440	4.2020	26.9275
15.5040	1.3377	54.3638	4.1918	27.2009
15.5719	1.3466	52.9714	4.2484	27.9370
15.4890	1.3357	53.4628	4.2312	27.1862
15.5593	1.3460	52.4193	4.1909	27.6071
15.4588	1.3295	53.2932	4.1705	26.4124


IMEAN
==========================================
8.5949	0.7396	42.7359	0.5769	7.6858
8.5247	0.7333	42.6973	0.5753	7.5100
8.5609	0.7384	43.2811	0.5725	7.5813
8.5204	0.7374	42.4513	0.5753	7.5255
8.5764	0.7408	41.8980	0.5727	7.5693
8.5025	0.7327	42.7554	0.5738	7.5250
8.4975	0.7313	42.1645	0.5770	7.5940
8.4775	0.7265	42.8844	0.5726	7.5786
8.5957	0.7369	42.7892	0.5730	7.5705
8.5389	0.7309	43.5966	0.5769	7.4920
8.4985	0.7389	42.6212	0.5755	7.5642
8.4997	0.7328	40.7480	0.5713	7.4894
8.5170	0.7341	42.6358	0.5726	7.6737
8.5292	0.7327	43.1861	0.5772	7.6690
8.5607	0.7443	42.7181	0.5756	7.6192
8.4530	0.7293	43.2175	0.5739	7.5355
8.5155	0.7364	42.0720	0.5750	7.5438
8.4896	0.7321	42.4650	0.5782	7.6386
8.4696	0.7327	41.6012	0.5724	7.4999
8.5002	0.7310	42.1520	0.5722	7.5687


UPCC
==========================================
9.9623	0.8573	39.8234	1.7997	17.9300
9.7678	0.8402	39.3778	1.8024	17.7800
9.9758	0.8604	40.2221	1.8356	18.1559
9.9479	0.8610	38.9086	1.9351	19.0027
10.0236	0.8658	38.6009	1.9610	18.6964
9.8191	0.8462	39.4481	1.8241	17.5426
9.6522	0.8307	38.5019	1.6377	18.1328
9.8795	0.8466	39.5542	1.9284	18.1813
9.7554	0.8363	39.9474	1.6477	17.7845
9.7317	0.8330	40.7241	1.7362	17.1780
10.0972	0.8779	39.4223	1.9353	18.9440
9.7677	0.8421	37.2239	1.8168	17.8395
9.8426	0.8484	38.9557	1.7906	18.1781
9.8153	0.8432	40.0716	1.7637	17.8092
10.0778	0.8762	39.6687	2.0182	18.3807
9.8370	0.8487	39.8970	1.9521	18.5735
9.9382	0.8594	38.9154	1.9024	18.6719
9.7910	0.8443	39.2201	1.8552	18.2264
9.8213	0.8496	37.6045	1.9054	18.2828
9.7869	0.8417	38.9228	1.8122	17.8562


IPCC
==========================================
10.7258	0.9230	43.2383	0.8672	13.3378
10.6489	0.9160	42.8378	0.8484	12.9734
10.7009	0.9230	43.6223	0.8488	13.1324
10.7471	0.9302	42.6302	0.8606	13.1976
10.8228	0.9348	42.2930	0.8541	13.3306
10.4994	0.9048	43.1784	0.8438	12.7718
10.7534	0.9254	42.9946	0.8580	13.3021
10.5413	0.9034	43.1920	0.8485	13.0622
10.6751	0.9151	43.7728	0.8492	12.8221
10.5525	0.9032	43.8680	0.8523	12.9654
10.7756	0.9369	43.2037	0.8545	13.2109
10.4852	0.9039	41.5751	0.8512	12.7633
10.7428	0.9260	43.2535	0.8605	13.3905
10.7108	0.9201	43.6879	0.8597	13.2003
10.7303	0.9329	43.1645	0.8564	13.0079
10.4801	0.9042	43.5233	0.8518	12.9386
10.7103	0.9262	42.6652	0.8458	13.0406
10.6238	0.9161	43.0331	0.8528	13.0773
10.7686	0.9315	42.2469	0.8624	13.4238
10.7693	0.9262	42.9965	0.8560	13.0872


UIPCC
==========================================
10.0952	0.8687	41.0961	1.6606	16.0980
9.9719	0.8578	40.6852	1.6247	15.9001
10.0866	0.8700	41.5819	1.6614	16.1055
10.0908	0.8734	40.3242	1.7276	16.4714
10.1700	0.8784	39.9562	1.7236	16.4411
9.9027	0.8534	40.9741	1.6375	15.5047
9.9944	0.8601	40.3399	1.5944	16.2383
9.9571	0.8533	41.0231	1.6798	15.9712
9.9905	0.8564	41.3814	1.5676	15.8035
9.9131	0.8485	41.9671	1.5856	15.6582
10.1704	0.8843	40.8898	1.7263	16.5497
9.8772	0.8515	38.9238	1.6294	15.6824
10.0581	0.8670	40.7737	1.6638	16.2308
10.0227	0.8610	41.5147	1.6276	15.9588
10.1334	0.8810	40.9861	1.7315	16.0369
9.9008	0.8542	41.4254	1.6913	16.0697
10.0798	0.8717	40.3721	1.6619	16.2852
9.9554	0.8585	40.7239	1.6732	16.2841
10.0526	0.8696	39.4906	1.7067	16.4357
10.0518	0.8645	40.4993	1.6438	15.8946


