Metric: | MAE	| NMAE	| RMSE	| MRE	| NPRE	
==========================================
UMEAN
Avg:	15.4984	1.3399	53.1891	4.2357	26.9672
Std:	0.0195	0.0067	1.2761	0.0378	0.2897
==========================================
IMEAN
Avg:	8.3777	0.7243	41.9181	0.5732	7.6086
Std:	0.0467	0.0039	1.3528	0.0012	0.0370
==========================================
UPCC
Avg:	9.0573	0.7831	35.9933	1.6901	17.9391
Std:	0.1081	0.0113	1.4756	0.0646	0.4327
==========================================
IPCC
Avg:	9.9514	0.8603	40.6329	0.7508	11.7588
Std:	0.1268	0.0103	1.4706	0.0086	0.1949
==========================================
UIPCC
Avg:	9.1924	0.7947	37.5874	1.5152	15.2519
Std:	0.0998	0.0090	1.5400	0.0440	0.2355
==========================================


Detailed results for 20 rounds:
==========================================
UMEAN
==========================================
15.4849	1.3307	53.6195	4.1976	26.5358
15.4854	1.3351	55.5267	4.2162	26.5516
15.4988	1.3342	53.8948	4.2281	26.9683
15.4915	1.3414	52.7896	4.2068	26.8731
15.5145	1.3512	51.5042	4.2790	27.3493
15.4832	1.3428	52.8914	4.2458	27.2662
15.4989	1.3416	54.2858	4.2484	27.2171
15.4755	1.3324	54.9583	4.2159	26.7222
15.4920	1.3402	53.7369	4.2341	26.8214
15.4935	1.3275	53.2992	4.1923	26.8587
15.4995	1.3449	54.3686	4.2935	27.4317
15.5134	1.3401	51.8367	4.2359	27.1733
15.5049	1.3372	54.8794	4.2289	26.9239
15.5393	1.3508	50.7520	4.3186	27.4686
15.5137	1.3477	52.8076	4.2628	26.7830
15.5258	1.3378	51.5468	4.2122	26.9661
15.4729	1.3414	52.7812	4.2253	26.9224
15.5257	1.3441	52.3818	4.2535	27.1464
15.4559	1.3479	51.7546	4.2735	26.9804
15.4978	1.3293	54.1661	4.1464	26.3843


IMEAN
==========================================
8.3526	0.7178	42.0886	0.5745	7.6145
8.4643	0.7297	44.4137	0.5757	7.5621
8.4178	0.7246	42.6628	0.5718	7.6621
8.3551	0.7235	41.5073	0.5716	7.6114
8.3336	0.7258	40.2355	0.5726	7.5922
8.4055	0.7290	41.7112	0.5740	7.6092
8.3541	0.7231	43.4152	0.5742	7.6516
8.4323	0.7260	43.7507	0.5736	7.5480
8.3303	0.7207	42.2218	0.5746	7.6699
8.4498	0.7240	41.9184	0.5712	7.6036
8.2761	0.7181	42.9659	0.5735	7.6244
8.3986	0.7255	40.5027	0.5745	7.6352
8.3540	0.7205	43.6822	0.5730	7.6048
8.3276	0.7239	39.0349	0.5735	7.6552
8.3423	0.7247	41.5021	0.5723	7.6404
8.3871	0.7227	39.9028	0.5723	7.5267
8.3872	0.7271	41.8644	0.5742	7.5847
8.3467	0.7226	41.4687	0.5727	7.5789
8.4253	0.7347	40.7477	0.5726	7.5894
8.4129	0.7216	42.7654	0.5715	7.6076


UPCC
==========================================
8.9643	0.7703	36.4418	1.6258	17.6346
8.9130	0.7684	38.4090	1.6279	17.0179
9.1253	0.7855	36.6602	1.7017	17.8499
9.0033	0.7796	35.2975	1.6403	17.6527
9.1473	0.7967	33.8984	1.7841	18.3441
9.2125	0.7990	36.0386	1.6976	18.4669
9.1106	0.7886	38.0721	1.6655	18.0726
8.9657	0.7719	37.6376	1.7136	17.6478
8.9575	0.7749	35.9409	1.6912	18.1359
9.0137	0.7723	35.6314	1.6284	17.8169
8.9813	0.7793	36.9028	1.7146	18.3585
8.8863	0.7676	34.2319	1.6063	17.7117
8.9823	0.7747	38.4091	1.5823	17.4605
9.3354	0.8115	33.2272	1.8173	18.9937
9.0449	0.7857	35.9976	1.7113	17.5086
9.1007	0.7842	33.7263	1.6887	18.0103
9.1046	0.7893	35.9559	1.6718	17.9890
9.1891	0.7955	35.4689	1.8395	18.3365
9.0254	0.7871	34.9103	1.6831	18.1941
9.0830	0.7791	37.0079	1.7108	17.5803


IPCC
==========================================
9.9924	0.8587	40.5956	0.7678	11.9841
10.0570	0.8671	43.4070	0.7444	11.7420
10.0726	0.8671	41.4718	0.7580	12.0668
10.0332	0.8688	40.9266	0.7537	11.8996
9.9013	0.8623	38.9600	0.7538	11.6864
10.0706	0.8734	40.5922	0.7567	11.8093
10.0886	0.8733	42.4621	0.7539	12.0209
9.9261	0.8546	42.6865	0.7466	11.5844
9.8677	0.8537	40.2708	0.7580	11.7028
9.9999	0.8568	40.8249	0.7468	11.7911
9.6775	0.8397	41.8062	0.7335	11.5979
9.7845	0.8452	39.1783	0.7463	11.5289
9.8124	0.8463	42.2405	0.7473	11.5874
10.1141	0.8792	37.8569	0.7532	11.9867
9.9093	0.8608	40.0117	0.7576	11.7763
9.9681	0.8589	38.6637	0.7430	11.5689
9.7922	0.8489	39.6279	0.7401	11.5771
9.9105	0.8580	40.2045	0.7527	11.7719
9.8619	0.8600	38.8670	0.7380	11.3913
10.1884	0.8739	42.0029	0.7654	12.1026


UIPCC
==========================================
9.1817	0.7890	37.7276	1.5119	15.2122
9.2122	0.7942	40.4007	1.4422	14.9609
9.3025	0.8008	38.4520	1.5392	15.6127
9.2275	0.7990	37.4505	1.4850	15.2634
9.1923	0.8006	35.6924	1.5768	15.4577
9.3070	0.8072	37.5040	1.5555	15.5931
9.3051	0.8055	39.5711	1.5267	15.4172
9.1604	0.7887	39.6385	1.5042	15.0563
9.0953	0.7868	37.3475	1.5231	15.0922
9.1945	0.7878	37.5208	1.4725	15.1797
9.0043	0.7813	38.8027	1.4877	15.4264
9.0304	0.7801	35.9923	1.4562	14.9493
9.0832	0.7834	39.5876	1.4458	14.8900
9.3934	0.8165	34.5852	1.6019	15.7652
9.1709	0.7967	37.2007	1.5347	15.0717
9.2152	0.7940	35.3040	1.5108	15.1316
9.1019	0.7891	36.9349	1.4992	15.1861
9.2212	0.7983	37.1364	1.5861	15.4362
9.1175	0.7951	36.0600	1.4913	15.0645
9.3323	0.8004	38.8391	1.5540	15.2726


