Metric: | MAE	| NMAE	| RMSE	| MRE	| NPRE	
==========================================
UMEAN
Avg:	1.4536	0.9995	2.9558	1.7920	11.6715
Std:	0.0017	0.0020	0.0089	0.0135	0.0475
==========================================
IMEAN
Avg:	1.1408	0.7845	2.2833	1.3120	7.8578
Std:	0.0021	0.0018	0.0073	0.0090	0.0561
==========================================
UPCC
Avg:	0.7814	0.5373	1.7923	0.5585	5.0568
Std:	0.0037	0.0021	0.0068	0.0079	0.0714
==========================================
IPCC
Avg:	0.9216	0.6337	1.9364	0.7490	6.4089
Std:	0.0077	0.0052	0.0104	0.0067	0.1369
==========================================
UIPCC
Avg:	0.7825	0.5380	1.7844	0.5636	5.2674
Std:	0.0034	0.0019	0.0068	0.0067	0.0585
==========================================


Detailed results for 20 rounds:
==========================================
UMEAN
==========================================
1.4572	0.9976	2.9728	1.8013	11.5909
1.4508	0.9999	2.9481	1.8030	11.6448
1.4544	0.9988	2.9618	1.7890	11.6735
1.4560	1.0001	2.9470	1.7955	11.7196
1.4548	0.9998	2.9611	1.7985	11.6199
1.4528	1.0025	2.9385	1.8121	11.7436
1.4503	1.0016	2.9401	1.8012	11.7872
1.4509	1.0003	2.9499	1.7902	11.6228
1.4536	0.9988	2.9558	1.7863	11.6837
1.4536	0.9974	2.9663	1.7779	11.6028
1.4559	0.9999	2.9627	1.8146	11.6986
1.4535	0.9973	2.9550	1.7582	11.6528
1.4537	0.9983	2.9518	1.7766	11.6752
1.4546	1.0031	2.9577	1.8068	11.7097
1.4529	1.0014	2.9508	1.7908	11.7124
1.4534	1.0028	2.9488	1.7888	11.6995
1.4519	0.9992	2.9534	1.7988	11.6455
1.4539	0.9993	2.9593	1.7961	11.6548
1.4546	0.9961	2.9672	1.7725	11.6459
1.4533	0.9964	2.9672	1.7819	11.6471


IMEAN
==========================================
1.1441	0.7832	2.2927	1.3111	7.8603
1.1380	0.7843	2.2746	1.3165	7.8755
1.1407	0.7834	2.2960	1.2979	7.8286
1.1388	0.7822	2.2848	1.3012	7.7840
1.1421	0.7849	2.2828	1.3210	7.8738
1.1376	0.7850	2.2813	1.3041	7.7725
1.1412	0.7882	2.2708	1.3284	7.9039
1.1429	0.7880	2.2765	1.3145	7.8697
1.1431	0.7854	2.2826	1.3139	7.9302
1.1410	0.7829	2.2822	1.3124	7.8994
1.1381	0.7817	2.2833	1.3014	7.8078
1.1417	0.7834	2.2888	1.2989	7.7696
1.1432	0.7851	2.2975	1.3040	7.7844
1.1399	0.7861	2.2788	1.3200	7.9154
1.1380	0.7844	2.2765	1.3202	7.8831
1.1411	0.7873	2.2777	1.3124	7.9414
1.1383	0.7834	2.2833	1.3049	7.8868
1.1416	0.7847	2.2750	1.3299	7.9466
1.1449	0.7840	2.2875	1.3158	7.8073
1.1405	0.7819	2.2942	1.3118	7.8162


UPCC
==========================================
0.7870	0.5388	1.8024	0.5625	5.1655
0.7734	0.5331	1.7857	0.5468	4.9806
0.7820	0.5370	1.7979	0.5660	5.0266
0.7821	0.5372	1.7931	0.5451	5.0727
0.7804	0.5363	1.7920	0.5650	5.0149
0.7809	0.5389	1.7886	0.5615	5.0193
0.7795	0.5384	1.7800	0.5523	4.9902
0.7778	0.5362	1.7807	0.5572	4.9633
0.7813	0.5368	1.7877	0.5569	5.1063
0.7764	0.5327	1.7918	0.5492	4.9390
0.7807	0.5362	1.7920	0.5741	5.0642
0.7837	0.5377	1.7930	0.5536	5.0405
0.7871	0.5405	1.8054	0.5633	5.2145
0.7795	0.5376	1.7911	0.5622	5.0286
0.7789	0.5368	1.7886	0.5657	5.0438
0.7845	0.5412	1.7917	0.5599	5.0745
0.7791	0.5362	1.7991	0.5490	5.0920
0.7793	0.5356	1.7844	0.5484	4.9947
0.7883	0.5399	1.7995	0.5631	5.1394
0.7855	0.5385	1.8020	0.5691	5.1665


IPCC
==========================================
0.9171	0.6279	1.9355	0.7488	6.1857
0.9172	0.6322	1.9263	0.7482	6.3732
0.9191	0.6312	1.9430	0.7474	6.2593
0.9094	0.6246	1.9172	0.7327	6.2620
0.9213	0.6332	1.9374	0.7477	6.4942
0.9113	0.6289	1.9253	0.7411	6.2578
0.9090	0.6278	1.9165	0.7443	6.2666
0.9196	0.6340	1.9304	0.7510	6.3902
0.9220	0.6335	1.9454	0.7499	6.3689
0.9315	0.6392	1.9465	0.7542	6.5870
0.9213	0.6327	1.9352	0.7483	6.4318
0.9355	0.6418	1.9451	0.7580	6.6166
0.9198	0.6317	1.9487	0.7428	6.3072
0.9352	0.6450	1.9480	0.7638	6.7076
0.9227	0.6359	1.9329	0.7548	6.4144
0.9325	0.6434	1.9482	0.7553	6.6365
0.9170	0.6311	1.9326	0.7505	6.4077
0.9162	0.6298	1.9229	0.7405	6.4061
0.9270	0.6348	1.9405	0.7530	6.4216
0.9275	0.6359	1.9502	0.7474	6.3838


UIPCC
==========================================
0.7861	0.5382	1.7944	0.5666	5.3405
0.7754	0.5344	1.7776	0.5542	5.2028
0.7830	0.5377	1.7900	0.5684	5.2409
0.7808	0.5363	1.7823	0.5524	5.2260
0.7821	0.5375	1.7834	0.5714	5.2564
0.7802	0.5384	1.7799	0.5638	5.2265
0.7789	0.5379	1.7713	0.5578	5.2219
0.7791	0.5371	1.7744	0.5644	5.1874
0.7829	0.5379	1.7826	0.5612	5.2994
0.7804	0.5355	1.7845	0.5594	5.1660
0.7821	0.5371	1.7849	0.5756	5.2930
0.7869	0.5399	1.7864	0.5637	5.2814
0.7867	0.5403	1.7976	0.5611	5.3671
0.7832	0.5401	1.7832	0.5698	5.3272
0.7804	0.5379	1.7804	0.5748	5.2436
0.7869	0.5429	1.7851	0.5643	5.3179
0.7793	0.5363	1.7901	0.5558	5.2740
0.7799	0.5361	1.7760	0.5520	5.1899
0.7883	0.5399	1.7900	0.5664	5.3421
0.7870	0.5396	1.7949	0.5680	5.3442


