Metric: | MAE	| NMAE	| RMSE	| MRE	| NPRE	
==========================================
UMEAN
Avg:	18.8535	1.3607	62.1496	4.4623	27.4020
Std:	0.0279	0.0109	1.0628	0.0501	0.2653
==========================================
IMEAN
Avg:	10.1610	0.7333	50.4361	0.5548	7.1301
Std:	0.0542	0.0033	1.0643	0.0016	0.0396
==========================================
UPCC
Avg:	10.2358	0.7388	42.2190	1.5697	17.4360
Std:	0.0845	0.0087	1.2191	0.0483	0.2671
==========================================
IPCC
Avg:	10.3288	0.7454	45.1506	0.6806	9.9775
Std:	0.1658	0.0085	1.5483	0.0054	0.1598
==========================================
UIPCC
Avg:	9.8337	0.7097	42.5183	1.3654	13.7956
Std:	0.0995	0.0048	1.4897	0.0263	0.1196
==========================================


Detailed results for 20 rounds:
==========================================
UMEAN
==========================================
18.8944	1.3591	62.9010	4.4594	27.2245
18.8825	1.3608	62.3156	4.5007	27.6848
18.8512	1.3509	60.9164	4.3786	26.8908
18.8289	1.3686	62.0498	4.4925	27.7214
18.8229	1.3514	61.6959	4.4260	27.2136
18.8254	1.3545	62.1818	4.4642	27.4037
18.8546	1.3588	60.9548	4.4104	27.2917
18.8295	1.3592	62.2338	4.4882	27.5283
18.8764	1.3616	63.0376	4.4620	27.3693
18.8968	1.3900	59.0516	4.5138	27.9793
18.8653	1.3661	62.8288	4.4790	27.4717
18.8398	1.3531	63.5348	4.4828	27.5519
18.8942	1.3865	61.2559	4.5837	27.8341
18.8265	1.3560	61.6542	4.4868	27.3118
18.8282	1.3431	63.6999	4.3726	27.2007
18.8920	1.3632	63.1701	4.4680	27.5026
18.8186	1.3558	62.7564	4.4279	27.4226
18.8155	1.3499	62.7310	4.3844	26.9389
18.8585	1.3627	62.6547	4.5086	27.2354
18.8679	1.3632	61.3676	4.4571	27.2624


IMEAN
==========================================
10.1035	0.7268	51.1193	0.5529	7.1215
10.2217	0.7366	50.6698	0.5541	7.0864
10.1894	0.7302	48.9661	0.5551	7.1035
10.1515	0.7379	50.6956	0.5567	7.1573
10.1742	0.7305	49.8132	0.5551	7.2006
10.1961	0.7336	50.3088	0.5576	7.1542
10.1743	0.7333	49.1213	0.5516	7.1605
10.1930	0.7358	50.5372	0.5535	7.0744
10.0977	0.7284	51.2300	0.5541	7.0662
10.0444	0.7389	47.5091	0.5564	7.1717
10.1334	0.7338	51.3004	0.5568	7.1220
10.1585	0.7296	51.9520	0.5551	7.1136
10.0598	0.7382	49.4329	0.5548	7.1579
10.1947	0.7343	49.7956	0.5548	7.1983
10.2477	0.7310	51.7078	0.5558	7.1558
10.1427	0.7319	51.3347	0.5559	7.1511
10.1675	0.7325	51.0360	0.5523	7.0861
10.2560	0.7358	51.2749	0.5533	7.0697
10.1278	0.7318	51.0122	0.5527	7.1274
10.1850	0.7359	49.9054	0.5571	7.1233


UPCC
==========================================
10.2382	0.7365	43.0223	1.5367	17.3794
10.3424	0.7453	42.6532	1.6131	17.9096
10.3103	0.7388	40.4736	1.5148	17.5552
10.2289	0.7435	42.8131	1.6084	17.3696
10.2909	0.7388	42.4205	1.5800	16.9940
10.3668	0.7459	42.1706	1.6554	17.7738
10.2775	0.7407	40.8438	1.5675	17.5759
10.0978	0.7289	42.1507	1.4907	17.3829
10.1690	0.7335	43.0029	1.5913	17.2869
10.3559	0.7618	38.6827	1.6074	17.9958
10.2122	0.7395	43.3513	1.5600	17.5260
9.9989	0.7181	43.3894	1.4713	17.1975
10.2059	0.7489	40.7289	1.6265	17.8529
10.2443	0.7378	41.1571	1.6008	17.3712
10.1758	0.7259	43.1101	1.5100	17.0922
10.2318	0.7383	43.3988	1.5587	17.2941
10.2465	0.7382	43.2917	1.5521	17.3953
10.2695	0.7368	42.9519	1.5405	17.1967
10.1860	0.7360	42.8856	1.5699	17.4050
10.2682	0.7419	41.8821	1.6384	17.1670


IPCC
==========================================
10.3270	0.7428	45.8523	0.6787	9.9891
10.4853	0.7556	45.3560	0.6857	9.8949
10.2904	0.7374	43.0981	0.6840	9.8985
10.2265	0.7433	45.5782	0.6853	9.9741
10.5891	0.7602	44.6847	0.6897	10.2088
10.2934	0.7406	45.1463	0.6802	10.0130
10.4078	0.7501	43.1468	0.6781	10.1871
10.4648	0.7554	45.3106	0.6906	10.2038
10.1899	0.7350	46.1954	0.6706	9.8104
9.8978	0.7281	40.5601	0.6682	9.5833
10.1266	0.7333	46.2254	0.6792	9.7922
10.4926	0.7536	47.5049	0.6805	10.1022
10.0738	0.7392	44.0735	0.6785	9.8538
10.4659	0.7538	43.8722	0.6805	9.9872
10.4954	0.7487	46.2635	0.6820	10.2081
10.4677	0.7553	47.1403	0.6810	10.0779
10.3014	0.7422	45.5548	0.6841	10.0671
10.3755	0.7444	46.1956	0.6793	9.9745
10.2256	0.7389	45.9402	0.6733	9.8864
10.3793	0.7499	45.3127	0.6835	9.8371


UIPCC
==========================================
9.8332	0.7073	43.3306	1.3348	13.7479
9.9576	0.7176	42.7521	1.4047	13.9805
9.8411	0.7052	40.4780	1.3652	13.7961
9.7710	0.7102	43.1511	1.3791	13.8055
10.0149	0.7190	42.1050	1.3841	13.8455
9.8490	0.7086	42.4395	1.3977	14.0457
9.8854	0.7124	40.5122	1.3892	13.9814
9.8669	0.7122	42.6393	1.3334	13.9197
9.7232	0.7014	43.5689	1.3423	13.6475
9.6139	0.7072	38.2131	1.3730	13.7331
9.7196	0.7038	43.8921	1.3436	13.6646
9.8430	0.7069	44.4925	1.3088	13.7234
9.6672	0.7094	41.2205	1.4114	13.8559
9.9318	0.7153	41.2256	1.3889	13.8123
9.9196	0.7076	43.5948	1.3360	13.7838
9.9241	0.7161	44.1828	1.3644	13.8719
9.8226	0.7077	43.2771	1.3652	13.7270
9.8775	0.7086	43.5545	1.3627	13.6429
9.7292	0.7030	43.2478	1.3478	13.7463
9.8826	0.7140	42.4885	1.3765	13.5810


