Metric: | MAE	| NMAE	| RMSE	| MRE	| NPRE	
==========================================
UMEAN
Avg:	19.3278	1.3759	61.9015	4.4767	29.8068
Std:	0.2336	0.0197	0.5793	0.1067	0.7914
==========================================
IMEAN
Avg:	11.1494	0.7937	53.1628	0.5702	6.8418
Std:	0.1449	0.0114	1.2775	0.0025	0.0721
==========================================
UPCC
Avg:	13.9701	0.9945	51.7083	2.3212	20.0820
Std:	0.3264	0.0252	1.0077	0.0763	0.7584
==========================================
IPCC
Avg:	13.4957	0.9607	54.7627	0.8124	12.1478
Std:	0.3201	0.0245	1.7014	0.0093	0.2567
==========================================
UIPCC
Avg:	13.3409	0.9497	52.7368	1.8071	16.5891
Std:	0.3022	0.0233	1.2331	0.0464	0.4498
==========================================


Detailed results for 20 rounds:
==========================================
UMEAN
==========================================
19.3219	1.3761	61.2110	4.4835	29.3944
19.0136	1.3488	62.1303	4.3127	28.6047
19.5233	1.3913	62.2616	4.4876	29.8130
19.4472	1.3866	61.2556	4.5224	29.7821
19.3415	1.3766	61.2656	4.4570	29.4579
19.1612	1.3615	61.5120	4.3819	29.0734
19.1341	1.3610	62.3752	4.3912	28.9124
19.1803	1.3634	61.8003	4.4989	29.2971
19.5525	1.3951	62.2744	4.6238	29.9935
19.4458	1.3851	61.8033	4.5865	30.6563
19.3654	1.3814	61.7343	4.4418	30.1494
19.5928	1.3978	61.1742	4.5270	30.2698
19.4768	1.3877	61.9546	4.4512	30.4632
19.9620	1.4295	60.5883	4.7413	32.2914
18.9879	1.3472	61.8231	4.3595	29.3728
19.3551	1.3783	62.3938	4.4310	30.0538
19.1973	1.3651	62.5742	4.5098	29.3933
18.9788	1.3464	62.8044	4.2600	28.8822
19.1408	1.3598	62.7242	4.4942	30.1764
19.3786	1.3794	62.3694	4.5722	30.0994


IMEAN
==========================================
11.0633	0.7879	51.9608	0.5704	6.8428
10.9711	0.7783	52.5096	0.5679	6.7254
11.2639	0.8027	53.4913	0.5708	6.8755
11.4595	0.8171	53.6893	0.5709	6.9087
11.1759	0.7954	55.0393	0.5677	6.7851
11.3672	0.8077	57.9082	0.5686	6.7580
11.0041	0.7827	52.2317	0.5691	6.8082
11.1617	0.7934	53.0915	0.5699	6.9079
10.9681	0.7826	52.4166	0.5704	6.8380
11.2192	0.7991	52.6355	0.5767	6.8840
11.1381	0.7945	52.8220	0.5714	6.7257
11.2253	0.8009	52.4441	0.5666	6.9287
11.2677	0.8028	52.8309	0.5718	6.7932
11.3951	0.8160	53.8525	0.5691	6.8637
11.0703	0.7855	52.8893	0.5680	6.9700
11.1701	0.7954	52.7427	0.5762	6.7957
11.0027	0.7824	52.2934	0.5721	6.9221
10.9805	0.7790	52.7253	0.5690	6.8902
10.9953	0.7811	52.9114	0.5690	6.7241
11.0890	0.7893	52.7699	0.5690	6.8885


UPCC
==========================================
13.9190	0.9913	50.4602	2.3296	20.2759
13.4708	0.9556	51.1891	2.1598	18.4199
14.2240	1.0137	52.1041	2.3842	20.1426
14.2730	1.0177	52.1418	2.2827	19.8954
14.0068	0.9969	52.7937	2.3382	19.7200
14.0909	1.0012	55.5263	2.2861	19.6307
13.6099	0.9681	51.0529	2.3410	19.1490
13.7918	0.9804	51.9985	2.2965	19.6220
13.8101	0.9854	51.2662	2.3245	19.9789
14.2088	1.0121	51.3961	2.2787	21.1096
14.1361	1.0084	51.4419	2.3173	20.8661
14.3151	1.0213	51.1384	2.3794	20.1696
14.2884	1.0180	51.3497	2.3842	20.8818
14.7792	1.0583	52.1749	2.4981	22.0976
13.5733	0.9631	51.2831	2.2498	19.8548
14.0425	1.0000	51.2595	2.4082	20.3079
13.7155	0.9753	51.1945	2.3124	19.6769
13.6167	0.9660	51.5368	2.2462	19.6203
13.5160	0.9602	51.4149	2.1966	19.6776
14.0147	0.9976	51.4429	2.4105	20.5430


IPCC
==========================================
13.8506	0.9864	55.2843	0.8011	12.2416
13.0530	0.9259	53.4097	0.8065	11.8798
13.5978	0.9691	54.3726	0.8238	12.5261
13.7888	0.9832	55.5320	0.8151	12.2605
13.5299	0.9629	57.0539	0.8040	11.8390
13.6527	0.9701	60.1767	0.8052	11.8242
13.1960	0.9386	53.3070	0.8157	12.0107
13.2673	0.9431	54.3449	0.8077	11.8021
13.1969	0.9416	53.1149	0.8152	12.3312
13.6070	0.9692	54.3191	0.8247	12.2526
13.4252	0.9576	54.6839	0.7993	11.7938
13.9277	0.9937	55.5972	0.8031	12.3479
13.7088	0.9767	55.1525	0.8032	11.8774
14.3444	1.0272	57.1082	0.8280	12.7107
13.2541	0.9404	54.4022	0.8156	12.0395
13.5633	0.9659	53.6577	0.8127	12.3805
13.2038	0.9389	53.0952	0.8251	12.2658
13.0277	0.9242	53.0552	0.8059	12.0137
13.3510	0.9485	53.7733	0.8293	12.3532
13.3679	0.9516	53.8138	0.8073	12.2060


UIPCC
==========================================
13.5193	0.9628	52.1090	1.8045	16.8407
12.8892	0.9143	51.8919	1.7225	15.6004
13.4985	0.9620	52.8018	1.8551	16.8056
13.6308	0.9719	53.2563	1.8028	16.4162
13.3667	0.9513	54.4416	1.8006	16.2757
13.4802	0.9578	57.2210	1.7697	16.0438
13.0319	0.9270	51.7636	1.8055	16.2379
13.1475	0.9346	52.7352	1.7749	16.1373
13.1052	0.9351	51.8006	1.8040	16.5718
13.5052	0.9620	52.3204	1.8134	17.0417
13.3541	0.9526	52.5001	1.8002	16.7843
13.7251	0.9792	52.6305	1.8351	16.7706
13.5747	0.9672	52.6693	1.8335	16.7613
14.1487	1.0132	53.9051	1.9449	17.8734
13.0529	0.9261	52.4060	1.7636	16.4856
13.4079	0.9548	52.0526	1.8417	16.9318
13.0728	0.9296	51.7557	1.8290	16.5230
12.9395	0.9179	52.0045	1.7420	16.2911
13.0816	0.9293	52.2466	1.7627	16.6385
13.2862	0.9457	52.2237	1.8357	16.7518


