Metric: | MAE	| NMAE	| RMSE	| MRE	| NPRE	
==========================================
UMEAN
Avg:	1.1533	0.8858	2.2765	1.4294	8.9047
Std:	0.0014	0.0024	0.0052	0.0159	0.0672
==========================================
IMEAN
Avg:	1.1667	0.8961	2.2462	1.2953	7.8710
Std:	0.0015	0.0024	0.0057	0.0136	0.0689
==========================================
UPCC
Avg:	0.7509	0.5767	1.6778	0.5343	4.0605
Std:	0.0035	0.0026	0.0074	0.0062	0.0779
==========================================
IPCC
Avg:	0.9033	0.6937	1.8104	0.7856	5.9674
Std:	0.0047	0.0040	0.0050	0.0057	0.0911
==========================================
UIPCC
Avg:	0.7570	0.5814	1.6782	0.5490	4.3427
Std:	0.0031	0.0024	0.0070	0.0045	0.0707
==========================================


Detailed results for 20 rounds:
==========================================
UMEAN
==========================================
1.1527	0.8857	2.2737	1.4218	8.9283
1.1569	0.8895	2.2700	1.4411	9.0306
1.1519	0.8827	2.2818	1.4019	8.8242
1.1516	0.8861	2.2816	1.4293	8.8262
1.1529	0.8845	2.2778	1.4193	8.7931
1.1535	0.8868	2.2685	1.4397	8.9336
1.1535	0.8852	2.2822	1.4295	8.9098
1.1539	0.8850	2.2791	1.4165	8.9024
1.1542	0.8840	2.2828	1.4329	8.9106
1.1539	0.8900	2.2740	1.4421	8.9601
1.1513	0.8820	2.2846	1.3994	8.8373
1.1541	0.8880	2.2705	1.4551	8.9592
1.1549	0.8897	2.2706	1.4578	9.0141
1.1535	0.8865	2.2731	1.4434	8.9513
1.1536	0.8842	2.2800	1.4184	8.9414
1.1517	0.8871	2.2711	1.4275	8.8804
1.1547	0.8882	2.2737	1.4384	8.9552
1.1531	0.8830	2.2824	1.4222	8.8324
1.1533	0.8857	2.2712	1.4451	8.9152
1.1504	0.8816	2.2815	1.4075	8.7889


IMEAN
==========================================
1.1688	0.8981	2.2374	1.3082	7.8520
1.1673	0.8974	2.2466	1.2760	7.8914
1.1670	0.8943	2.2495	1.2909	7.8174
1.1698	0.9001	2.2406	1.3252	8.0042
1.1639	0.8930	2.2435	1.2923	7.8322
1.1681	0.8980	2.2550	1.2903	7.9317
1.1664	0.8951	2.2496	1.2887	7.7841
1.1686	0.8962	2.2519	1.3053	7.8732
1.1650	0.8923	2.2555	1.2686	7.7708
1.1673	0.9003	2.2399	1.3135	7.9305
1.1656	0.8930	2.2479	1.2813	7.8127
1.1658	0.8970	2.2397	1.3106	7.9750
1.1665	0.8986	2.2443	1.3146	7.8940
1.1647	0.8951	2.2394	1.2944	7.9633
1.1673	0.8947	2.2481	1.2970	7.8587
1.1668	0.8988	2.2377	1.2933	7.9463
1.1650	0.8961	2.2457	1.2956	7.8551
1.1682	0.8945	2.2555	1.2869	7.8128
1.1665	0.8959	2.2458	1.2862	7.8628
1.1654	0.8931	2.2502	1.2870	7.7512


UPCC
==========================================
0.7486	0.5752	1.6650	0.5331	4.1017
0.7548	0.5803	1.6749	0.5381	4.1405
0.7437	0.5699	1.6730	0.5189	3.8482
0.7504	0.5774	1.6786	0.5308	4.0259
0.7496	0.5751	1.6722	0.5402	4.0532
0.7558	0.5810	1.6815	0.5489	4.1503
0.7528	0.5777	1.6835	0.5325	4.0826
0.7570	0.5806	1.6879	0.5391	4.0448
0.7525	0.5763	1.6880	0.5364	4.0124
0.7479	0.5768	1.6703	0.5365	4.1037
0.7500	0.5746	1.6792	0.5358	4.0664
0.7498	0.5769	1.6714	0.5293	4.0025
0.7479	0.5762	1.6801	0.5264	3.9622
0.7449	0.5725	1.6669	0.5306	4.0027
0.7575	0.5806	1.6843	0.5417	4.2240
0.7489	0.5769	1.6721	0.5347	4.1087
0.7500	0.5769	1.6732	0.5338	4.1435
0.7528	0.5764	1.6938	0.5272	4.0359
0.7519	0.5774	1.6751	0.5385	4.0311
0.7510	0.5755	1.6840	0.5332	4.0693


IPCC
==========================================
0.9161	0.7040	1.8101	0.8013	6.1934
0.9096	0.6993	1.8127	0.7933	6.0535
0.8998	0.6895	1.8092	0.7836	5.8638
0.9081	0.6987	1.8125	0.7901	6.0908
0.8978	0.6888	1.8042	0.7851	5.8866
0.9010	0.6927	1.8112	0.7802	5.9570
0.8988	0.6898	1.8100	0.7836	5.9178
0.9048	0.6939	1.8114	0.7902	5.9500
0.9076	0.6952	1.8217	0.7834	5.9996
0.8963	0.6913	1.7996	0.7905	6.0005
0.9007	0.6900	1.8128	0.7791	5.8100
0.9071	0.6980	1.8108	0.7834	6.0209
0.9043	0.6967	1.8097	0.7901	5.9960
0.9039	0.6946	1.8026	0.7888	6.0506
0.9022	0.6915	1.8127	0.7813	5.9747
0.8995	0.6929	1.8031	0.7874	5.9310
0.9012	0.6932	1.8105	0.7784	5.9779
0.9020	0.6906	1.8176	0.7820	5.8700
0.9062	0.6959	1.8133	0.7840	5.9873
0.8980	0.6881	1.8131	0.7771	5.8156


UIPCC
==========================================
0.7570	0.5817	1.6656	0.5523	4.4377
0.7613	0.5853	1.6759	0.5534	4.4133
0.7506	0.5752	1.6746	0.5389	4.1418
0.7573	0.5827	1.6784	0.5495	4.3284
0.7552	0.5794	1.6730	0.5511	4.3144
0.7602	0.5845	1.6817	0.5553	4.4194
0.7577	0.5815	1.6835	0.5475	4.3777
0.7623	0.5846	1.6867	0.5556	4.3304
0.7598	0.5820	1.6890	0.5546	4.3109
0.7531	0.5809	1.6700	0.5495	4.3814
0.7555	0.5788	1.6800	0.5467	4.3166
0.7576	0.5830	1.6731	0.5496	4.3088
0.7553	0.5819	1.6798	0.5494	4.2635
0.7521	0.5780	1.6679	0.5468	4.3057
0.7625	0.5844	1.6841	0.5506	4.4619
0.7547	0.5814	1.6722	0.5479	4.4018
0.7554	0.5811	1.6743	0.5433	4.4071
0.7582	0.5806	1.6929	0.5412	4.2950
0.7585	0.5825	1.6762	0.5526	4.3134
0.7559	0.5793	1.6845	0.5440	4.3241


