Metric: | MAE	| NMAE	| RMSE	| MRE	| NPRE	
==========================================
UMEAN
Avg:	18.7605	1.3649	59.6151	4.5911	29.5405
Std:	0.0595	0.0121	0.9771	0.0671	0.5047
==========================================
IMEAN
Avg:	10.1707	0.7399	47.8659	0.5646	7.6718
Std:	0.0575	0.0042	0.9557	0.0020	0.0486
==========================================
UPCC
Avg:	10.4994	0.7639	40.7043	1.7403	18.4597
Std:	0.1473	0.0134	1.1355	0.1075	0.4811
==========================================
IPCC
Avg:	11.1370	0.8102	44.8444	0.7702	12.0310
Std:	0.1521	0.0106	0.9506	0.0070	0.2079
==========================================
UIPCC
Avg:	10.4681	0.7616	41.9747	1.5316	15.7232
Std:	0.1036	0.0085	1.0762	0.0542	0.2219
==========================================


Detailed results for 20 rounds:
==========================================
UMEAN
==========================================
18.7183	1.3563	60.0672	4.5369	29.2796
18.7639	1.3694	60.0821	4.6353	29.7052
18.7526	1.3623	59.9238	4.6269	29.6260
18.8902	1.3909	58.9450	4.7330	30.3200
18.6934	1.3550	60.3206	4.5088	29.2458
18.7402	1.3588	61.2484	4.5427	28.9080
18.6460	1.3395	61.2420	4.4679	28.6102
18.7930	1.3772	58.1410	4.6207	29.7351
18.8029	1.3727	59.3434	4.6606	29.9000
18.7464	1.3621	59.4584	4.5656	29.7267
18.7818	1.3658	58.2049	4.6296	29.3397
18.7839	1.3672	60.3118	4.6016	29.4923
18.7098	1.3544	60.0080	4.5553	29.7507
18.7114	1.3559	59.9482	4.5894	29.7278
18.7771	1.3678	59.0069	4.5888	29.1235
18.7417	1.3579	60.5557	4.6016	29.2675
18.7059	1.3551	60.2115	4.5346	29.0744
18.8093	1.3725	59.3452	4.5716	29.2851
18.8976	1.3917	57.6503	4.7359	31.0096
18.7443	1.3645	58.2877	4.5160	29.6820


IMEAN
==========================================
10.1847	0.7380	48.2862	0.5639	7.6527
10.1100	0.7379	48.1569	0.5611	7.6171
10.2541	0.7449	48.4270	0.5660	7.7035
10.0463	0.7397	47.2974	0.5681	7.7549
10.2328	0.7418	48.5915	0.5634	7.7588
10.1928	0.7391	49.4912	0.5632	7.6023
10.2519	0.7365	49.2458	0.5657	7.6737
10.2025	0.7477	46.7989	0.5661	7.7241
10.1226	0.7390	47.6735	0.5640	7.6437
10.1469	0.7372	47.3690	0.5641	7.6528
10.1133	0.7354	46.2234	0.5647	7.6544
10.1268	0.7371	48.5834	0.5655	7.6617
10.1513	0.7349	48.1420	0.5643	7.6117
10.2065	0.7396	47.8153	0.5659	7.7197
10.1734	0.7411	47.1961	0.5682	7.6860
10.1959	0.7387	49.1264	0.5606	7.6594
10.1050	0.7320	48.3520	0.5618	7.5821
10.2646	0.7490	48.0122	0.5664	7.7318
10.1204	0.7453	45.9838	0.5653	7.6994
10.2132	0.7435	46.5457	0.5631	7.6463


UPCC
==========================================
10.6161	0.7692	41.4003	1.8755	18.4184
10.5611	0.7708	41.2372	1.7858	19.0440
10.5097	0.7635	41.6473	1.6717	18.4823
10.6076	0.7810	40.1776	1.9250	19.0492
10.4331	0.7563	41.4733	1.6443	18.1332
10.4637	0.7587	42.6706	1.7079	18.1370
10.3789	0.7456	42.1815	1.6290	17.5696
10.6094	0.7775	39.3150	1.8659	18.7656
10.1912	0.7440	40.3651	1.5969	17.7321
10.5395	0.7658	39.7781	1.7287	19.0214
10.4127	0.7572	38.9869	1.6793	18.3179
10.6233	0.7732	41.3544	1.8731	18.9254
10.3167	0.7468	41.1699	1.6011	18.1961
10.3981	0.7535	40.3374	1.6423	18.5586
10.4384	0.7604	40.1289	1.6691	18.2109
10.4299	0.7557	42.0254	1.7538	17.9359
10.3916	0.7528	41.0458	1.6835	18.4700
10.8967	0.7951	41.3487	1.9386	18.5828
10.6755	0.7862	38.4863	1.8483	19.5521
10.4939	0.7639	38.9556	1.6870	18.0918


IPCC
==========================================
11.1998	0.8115	44.8149	0.7764	12.2094
10.9468	0.7989	44.9378	0.7653	11.7941
11.2669	0.8185	45.2318	0.7809	12.2676
11.0021	0.8101	44.5024	0.7689	11.9566
11.1880	0.8110	45.0584	0.7803	12.3146
11.0976	0.8047	46.4437	0.7677	11.9004
11.3606	0.8161	46.4005	0.7838	12.3663
10.9965	0.8059	43.4026	0.7602	11.6292
11.1650	0.8151	44.9948	0.7744	12.1143
11.2955	0.8207	44.6945	0.7659	12.2778
10.9366	0.7953	42.6961	0.7644	11.8612
10.9756	0.7989	45.1286	0.7693	12.0153
11.1264	0.8054	44.9201	0.7642	12.1039
11.3731	0.8241	46.1015	0.7669	12.0909
11.2993	0.8231	44.7151	0.7803	12.2540
10.9571	0.7939	45.6453	0.7651	11.7433
10.8986	0.7895	44.8187	0.7655	11.8528
11.3356	0.8272	45.2822	0.7757	12.1486
11.0898	0.8167	43.2671	0.7605	11.8849
11.2288	0.8174	43.8312	0.7693	11.8345


UIPCC
==========================================
10.5362	0.7634	42.2365	1.6024	15.7655
10.3746	0.7572	42.2597	1.5616	15.7421
10.5586	0.7671	42.6207	1.5216	15.7736
10.4301	0.7680	41.5208	1.6178	15.9720
10.4618	0.7583	42.4086	1.5038	15.7951
10.4399	0.7570	43.9311	1.5065	15.3888
10.5644	0.7589	43.5897	1.4840	15.5624
10.4183	0.7635	40.5000	1.5740	15.6149
10.3732	0.7573	41.9454	1.4550	15.4884
10.5749	0.7683	41.4064	1.5288	16.1471
10.3256	0.7509	39.9525	1.4886	15.6102
10.4260	0.7589	42.5800	1.5830	15.8749
10.3931	0.7524	42.3392	1.4595	15.7372
10.5675	0.7658	42.3232	1.4837	15.7944
10.5350	0.7674	41.6118	1.5071	15.8130
10.3507	0.7499	43.2201	1.5044	15.2524
10.2936	0.7457	42.2152	1.5056	15.5323
10.7326	0.7832	42.4782	1.6622	15.9275
10.4978	0.7731	39.9509	1.5788	16.1137
10.5077	0.7649	40.4032	1.5046	15.5593


