Metric: | MAE	| NMAE	| RMSE	| MRE	| NPRE	
==========================================
UMEAN
Avg:	19.0600	1.3688	58.0632	4.3880	29.1676
Std:	0.2007	0.0170	0.2038	0.1064	0.6736
==========================================
IMEAN
Avg:	10.8736	0.7809	48.0803	0.5692	6.4569
Std:	0.1061	0.0078	0.6387	0.0022	0.0664
==========================================
UPCC
Avg:	13.5935	0.9762	46.6685	2.2805	19.4254
Std:	0.2448	0.0187	0.5574	0.0658	0.5815
==========================================
IPCC
Avg:	13.0772	0.9392	48.7546	0.8099	11.7165
Std:	0.1408	0.0115	0.6335	0.0098	0.2878
==========================================
UIPCC
Avg:	12.9548	0.9304	47.3179	1.7785	16.0005
Std:	0.1548	0.0125	0.5977	0.0413	0.3745
==========================================


Detailed results for 20 rounds:
==========================================
UMEAN
==========================================
18.9675	1.3612	58.3473	4.4073	28.5020
18.8046	1.3469	58.3374	4.1731	28.0858
19.2681	1.3866	58.0867	4.3517	29.5222
19.0100	1.3642	57.6685	4.3149	28.8080
19.2218	1.3838	57.9506	4.4966	29.7751
19.2614	1.3842	57.8814	4.3488	29.1253
18.8885	1.3552	58.2442	4.3750	29.0857
19.0995	1.3726	58.1211	4.4121	29.2543
18.9294	1.3576	58.1884	4.3521	28.7512
18.8160	1.3482	58.3227	4.2660	28.4522
18.7570	1.3427	58.1315	4.2590	28.3222
19.4395	1.4010	57.7533	4.5172	30.3631
19.0401	1.3688	58.0210	4.5159	29.8807
19.1293	1.3750	57.7774	4.4918	30.0933
19.2216	1.3833	58.0686	4.5527	29.9003
18.6855	1.3362	58.3074	4.1967	28.1960
19.0987	1.3724	58.2277	4.5048	29.4735
19.1824	1.3777	58.0560	4.3985	29.1408
19.3541	1.3932	57.7858	4.4555	30.0212
19.0245	1.3659	57.9868	4.3711	28.5995


IMEAN
==========================================
10.7803	0.7737	48.1186	0.5647	6.3396
10.8463	0.7769	48.7484	0.5680	6.4930
10.9755	0.7898	47.9965	0.5705	6.5739
11.0686	0.7943	50.2763	0.5695	6.4728
10.7460	0.7736	47.6511	0.5687	6.4826
10.9053	0.7837	47.6586	0.5652	6.3806
10.6662	0.7653	47.8399	0.5734	6.4823
10.9742	0.7887	48.1235	0.5704	6.5230
10.8936	0.7813	47.9924	0.5698	6.4831
10.7715	0.7718	47.6064	0.5704	6.4135
10.9067	0.7807	48.3798	0.5701	6.4837
10.9978	0.7926	47.6616	0.5692	6.4472
10.9094	0.7843	48.6377	0.5707	6.4736
10.7870	0.7753	47.5369	0.5725	6.5741
10.7342	0.7725	47.4463	0.5651	6.3736
10.9730	0.7847	48.6141	0.5689	6.4123
10.7739	0.7742	47.3828	0.5707	6.5353
10.8325	0.7780	47.8988	0.5674	6.3466
10.9262	0.7865	47.7505	0.5705	6.4463
11.0048	0.7901	48.2853	0.5689	6.4021


UPCC
==========================================
13.2222	0.9489	46.7210	2.1812	18.2157
13.5176	0.9682	47.4112	2.2039	18.9696
13.9733	1.0055	46.4262	2.3898	20.0135
13.6361	0.9786	48.3562	2.2399	19.0160
13.4295	0.9668	46.3328	2.2723	19.1268
13.8193	0.9931	46.4079	2.2958	19.2441
13.3809	0.9600	46.5374	2.2447	19.6957
13.7230	0.9862	46.8847	2.3350	19.8046
13.4281	0.9631	46.5373	2.1664	19.0019
13.2812	0.9516	46.2176	2.2288	18.8885
13.5046	0.9667	46.9466	2.2421	19.0491
14.2137	1.0244	46.1831	2.4091	20.8162
13.2716	0.9541	47.3364	2.2215	19.3882
13.4442	0.9663	46.2434	2.2983	19.3817
13.6153	0.9798	46.0051	2.3174	20.3746
13.4943	0.9650	47.2065	2.2347	18.8248
13.5675	0.9750	46.0824	2.3588	19.7800
13.7161	0.9851	46.3727	2.3192	19.9124
13.8301	0.9956	46.2874	2.3224	19.6696
13.8018	0.9909	46.8732	2.3284	19.3359


IPCC
==========================================
12.9680	0.9307	48.4058	0.8288	11.8877
13.1649	0.9430	49.2802	0.8198	12.0585
13.2104	0.9506	48.5592	0.8110	11.8990
13.1605	0.9444	51.0547	0.8055	11.5533
13.0705	0.9409	48.4134	0.8040	11.8707
13.0630	0.9387	48.3363	0.7940	11.4039
12.9215	0.9271	48.4374	0.8265	11.9918
13.1233	0.9431	48.9318	0.8101	11.5459
13.0043	0.9327	48.8046	0.8157	11.5338
12.8093	0.9178	48.0199	0.8006	11.3205
12.8558	0.9203	48.8797	0.8063	11.2258
13.3073	0.9591	48.4862	0.8004	11.7856
13.1472	0.9452	49.1538	0.8083	11.8315
13.2268	0.9507	48.9597	0.8051	11.9602
13.3009	0.9572	48.4450	0.8214	12.1655
12.9176	0.9238	48.9918	0.8022	11.2114
12.9263	0.9289	47.8189	0.8253	12.1861
13.0808	0.9395	48.6186	0.8050	11.6464
13.2221	0.9518	48.7522	0.8115	11.7181
13.0637	0.9379	48.7434	0.7970	11.5351


UIPCC
==========================================
12.7575	0.9156	47.2337	1.7728	15.4533
12.9843	0.9300	47.9676	1.7564	16.0458
13.1714	0.9478	47.1160	1.8548	16.3774
13.0232	0.9346	49.3709	1.7486	15.7113
12.8781	0.9271	46.9405	1.7719	16.0246
13.0338	0.9366	46.9426	1.7765	15.5533
12.7810	0.9170	47.1091	1.7783	16.2645
13.0364	0.9369	47.4944	1.7895	16.1988
12.8528	0.9218	47.2934	1.7351	15.7523
12.6704	0.9079	46.7770	1.7286	15.4982
12.7981	0.9161	47.5636	1.7429	15.5152
13.3247	0.9603	46.8437	1.8456	16.6410
12.8768	0.9257	47.8661	1.7205	16.1289
12.9864	0.9334	47.0601	1.7712	16.3138
13.0861	0.9417	46.7743	1.8356	16.6653
12.8341	0.9178	47.7784	1.7105	15.4968
12.8539	0.9237	46.5768	1.8394	16.3573
12.9976	0.9335	47.1077	1.7992	16.0975
13.1306	0.9452	47.1100	1.8131	16.1271
13.0190	0.9347	47.4317	1.7789	15.7875


