Metric: | MAE	| NMAE	| RMSE	| MRE	| NPRE	
Avg:	6.0217	0.6031	40.0485	0.5622	2.3577
Std:	0.0860	0.0087	1.4812	0.0095	0.0803

==========================================
Detailed results for 20 rounds:
6.0234	0.6012	41.3847	0.5475	2.3424
6.1867	0.6215	38.9343	0.5657	2.4307
6.1148	0.6119	40.9924	0.5702	2.4037
5.9084	0.5908	41.1960	0.5537	2.3280
6.0986	0.6107	41.4466	0.5670	2.2837
6.0778	0.6100	38.8650	0.5757	2.4630
6.0612	0.6092	40.3869	0.5642	2.2623
6.1204	0.6135	39.6795	0.5708	2.4424
6.0275	0.6011	41.8435	0.5558	2.2849
5.9482	0.5962	40.4829	0.5470	2.3351
6.0741	0.6076	38.8885	0.5688	2.2730
6.0335	0.6067	35.9282	0.5746	2.3490
5.9171	0.5903	41.3600	0.5486	2.2699
5.9179	0.5941	38.0221	0.5650	2.3600
6.0107	0.6016	41.8801	0.5533	2.4135
5.8676	0.5892	40.7410	0.5531	2.3103
6.0108	0.6032	40.1723	0.5742	2.3355
5.9815	0.5992	39.8563	0.5519	2.4644
6.1347	0.6109	40.6565	0.5666	2.2495
5.9191	0.5940	38.2527	0.5706	2.5523
