Metric: | MAE	| NMAE	| RMSE	| MRE	| NPRE	
Avg:	5.7878	0.5110	34.5078	0.4577	2.4741
Std:	0.1431	0.0132	2.1740	0.0099	0.0813

==========================================
Detailed results for 20 rounds:
5.8910	0.5189	32.4800	0.4743	2.4623
5.8693	0.5188	37.0378	0.4606	2.4168
5.5235	0.4873	33.2141	0.4443	2.4543
5.9090	0.5216	34.6822	0.4653	2.6075
5.7971	0.5128	33.8651	0.4531	2.5192
5.5536	0.4874	37.4365	0.4458	2.3892
5.4371	0.4796	32.1448	0.4382	2.2689
6.0318	0.5331	35.9863	0.4645	2.5088
5.8429	0.5127	34.5702	0.4571	2.5788
5.8497	0.5187	34.0252	0.4666	2.5540
5.8941	0.5213	35.8658	0.4617	2.4461
5.8375	0.5165	37.5628	0.4640	2.5052
5.6692	0.5000	32.1927	0.4435	2.4183
5.7495	0.5101	31.3248	0.4466	2.5092
5.7788	0.5085	36.3032	0.4567	2.4049
5.8413	0.5142	39.4221	0.4534	2.4626
5.8118	0.5171	32.0579	0.4704	2.3905
5.7597	0.5083	34.1725	0.4618	2.4836
5.9572	0.5265	33.0214	0.4711	2.6250
5.7521	0.5072	32.7905	0.4550	2.4774
