Metric: | MAE	| NMAE	| RMSE	| MRE	| NPRE	
Avg:	0.7773	0.5934	1.8063	0.5327	2.9928
Std:	0.0044	0.0032	0.0093	0.0068	0.0578

==========================================
Detailed results for 20 rounds:
0.7773	0.5947	1.7951	0.5418	3.0389
0.7769	0.5944	1.7884	0.5418	3.0353
0.7761	0.5918	1.8145	0.5228	2.9296
0.7699	0.5886	1.7896	0.5251	2.9201
0.7668	0.5876	1.7911	0.5262	2.9548
0.7785	0.5951	1.8085	0.5337	3.0271
0.7793	0.5961	1.8122	0.5356	3.0092
0.7770	0.5932	1.8036	0.5363	2.9702
0.7798	0.5921	1.8192	0.5303	2.9760
0.7846	0.5985	1.8106	0.5386	3.0940
0.7766	0.5919	1.8090	0.5306	2.9207
0.7834	0.5991	1.8023	0.5406	3.0644
0.7805	0.5948	1.8210	0.5360	3.0112
0.7721	0.5898	1.8125	0.5218	2.8763
0.7829	0.5982	1.8070	0.5422	3.0623
0.7781	0.5935	1.8015	0.5372	3.0221
0.7805	0.5946	1.8153	0.5348	3.0275
0.7755	0.5914	1.8017	0.5295	3.0146
0.7722	0.5889	1.8096	0.5200	2.9031
0.7784	0.5936	1.8138	0.5283	2.9987
