Metric: | MAE	| NMAE	| RMSE	| MRE	| NPRE	
Avg:	0.7431	0.5747	1.7316	0.5190	2.8299
Std:	0.0028	0.0020	0.0063	0.0060	0.0480

==========================================
Detailed results for 20 rounds:
0.7422	0.5740	1.7208	0.5265	2.8664
0.7443	0.5764	1.7393	0.5130	2.8293
0.7389	0.5735	1.7330	0.5150	2.7613
0.7450	0.5759	1.7291	0.5199	2.8488
0.7398	0.5729	1.7321	0.5107	2.7665
0.7412	0.5744	1.7332	0.5201	2.8278
0.7437	0.5747	1.7270	0.5221	2.8145
0.7430	0.5752	1.7382	0.5129	2.7915
0.7417	0.5727	1.7339	0.5160	2.8117
0.7475	0.5773	1.7309	0.5306	2.8791
0.7457	0.5747	1.7349	0.5276	2.8431
0.7489	0.5794	1.7372	0.5236	2.9545
0.7444	0.5743	1.7313	0.5160	2.8238
0.7403	0.5735	1.7200	0.5200	2.8276
0.7369	0.5694	1.7288	0.5065	2.7304
0.7430	0.5761	1.7284	0.5253	2.8506
0.7442	0.5742	1.7425	0.5133	2.7908
0.7457	0.5752	1.7372	0.5166	2.8550
0.7423	0.5762	1.7187	0.5217	2.8836
0.7434	0.5748	1.7352	0.5226	2.8416
