Metric: | MAE	| NMAE	| RMSE	| MRE	| NPRE	
Avg:	0.8019	0.5916	1.8585	0.5325	3.0369
Std:	0.0032	0.0025	0.0058	0.0055	0.0447

==========================================
Detailed results for 20 rounds:
0.8066	0.5953	1.8625	0.5427	3.0984
0.7981	0.5903	1.8464	0.5286	3.0527
0.8030	0.5925	1.8626	0.5339	3.0376
0.8034	0.5944	1.8539	0.5363	3.0813
0.8076	0.5961	1.8642	0.5439	3.1560
0.8012	0.5892	1.8635	0.5323	2.9758
0.8063	0.5944	1.8638	0.5376	3.0667
0.7974	0.5879	1.8571	0.5256	2.9717
0.8001	0.5901	1.8615	0.5276	3.0144
0.7998	0.5896	1.8564	0.5335	3.0264
0.8001	0.5917	1.8613	0.5293	3.0586
0.7961	0.5874	1.8452	0.5310	2.9960
0.8059	0.5926	1.8625	0.5273	3.0423
0.8035	0.5916	1.8653	0.5399	3.0164
0.8022	0.5939	1.8621	0.5300	3.0281
0.7988	0.5893	1.8554	0.5243	3.0114
0.7994	0.5911	1.8534	0.5295	3.0387
0.8023	0.5904	1.8582	0.5302	3.0164
0.8007	0.5891	1.8627	0.5277	2.9696
0.8061	0.5948	1.8513	0.5388	3.0806
