Metric: | MAE	| NMAE	| RMSE	| MRE	| NPRE	
Avg:	5.8228	0.5193	36.2708	0.4690	2.2172
Std:	0.0892	0.0086	1.3339	0.0085	0.1041

==========================================
Detailed results for 20 rounds:
5.7602	0.5158	34.7614	0.4646	2.4447
5.9576	0.5299	34.9817	0.4668	2.3797
5.7453	0.5101	37.3145	0.4632	2.1949
5.7475	0.5146	36.0682	0.4720	2.1979
5.8784	0.5238	35.8975	0.4699	2.3340
5.7450	0.5111	35.4712	0.4671	2.1790
5.8590	0.5234	36.1161	0.4693	2.1817
5.7390	0.5125	35.9906	0.4534	2.2106
5.9380	0.5309	35.4731	0.4779	2.3126
5.8332	0.5219	35.0458	0.4695	2.0563
5.8089	0.5194	37.2109	0.4715	2.2853
5.8186	0.5173	38.0196	0.4742	2.1754
5.9076	0.5285	36.1931	0.4771	2.2751
5.7605	0.5123	38.9591	0.4696	2.1444
5.7571	0.5127	37.1677	0.4631	2.1455
6.0869	0.5448	34.4687	0.4954	2.3169
5.7871	0.5155	38.2575	0.4680	2.1627
5.7903	0.5175	34.0223	0.4693	2.2280
5.7469	0.5101	35.9476	0.4605	2.1024
5.7888	0.5134	38.0487	0.4566	2.0170
