Metric: | MAE	| NMAE	| RMSE	| MRE	| NPRE	
Avg:	0.8328	0.6288	1.9714	0.5230	2.7263
Std:	0.0030	0.0022	0.0070	0.0034	0.0356

==========================================
Detailed results for 20 rounds:
0.8274	0.6248	1.9645	0.5190	2.7004
0.8321	0.6281	1.9664	0.5251	2.7308
0.8347	0.6303	1.9751	0.5251	2.6994
0.8285	0.6263	1.9596	0.5220	2.7053
0.8346	0.6288	1.9819	0.5204	2.6945
0.8291	0.6262	1.9685	0.5189	2.7227
0.8303	0.6268	1.9657	0.5225	2.7277
0.8364	0.6307	1.9846	0.5224	2.7340
0.8384	0.6338	1.9691	0.5284	2.8157
0.8319	0.6283	1.9734	0.5199	2.6778
0.8343	0.6310	1.9672	0.5309	2.8213
0.8350	0.6292	1.9834	0.5254	2.7239
0.8335	0.6303	1.9745	0.5239	2.7131
0.8310	0.6278	1.9725	0.5237	2.7059
0.8348	0.6302	1.9662	0.5252	2.7254
0.8311	0.6279	1.9623	0.5208	2.7678
0.8310	0.6289	1.9660	0.5268	2.7165
0.8366	0.6304	1.9782	0.5219	2.7214
0.8358	0.6307	1.9785	0.5207	2.7031
0.8290	0.6249	1.9707	0.5167	2.7188
