Metric: | MAE	| NMAE	| RMSE	| MRE	| NPRE	
Avg:	0.7555	0.5957	1.8088	0.5029	2.7481
Std:	0.0043	0.0030	0.0094	0.0058	0.0558

==========================================
Detailed results for 20 rounds:
0.7517	0.5944	1.7919	0.5010	2.7668
0.7536	0.5964	1.7956	0.5056	2.7487
0.7562	0.5950	1.8079	0.5029	2.7753
0.7509	0.5912	1.8028	0.4967	2.6881
0.7550	0.5945	1.8127	0.4996	2.7179
0.7495	0.5907	1.8073	0.4966	2.6430
0.7491	0.5922	1.7963	0.4977	2.6765
0.7579	0.5972	1.8148	0.5037	2.7845
0.7636	0.6010	1.8291	0.5104	2.8108
0.7558	0.5955	1.8161	0.4950	2.7309
0.7549	0.5963	1.8001	0.5113	2.8037
0.7658	0.6020	1.8179	0.5105	2.8625
0.7581	0.5980	1.8127	0.5032	2.7594
0.7580	0.5989	1.8024	0.5149	2.7798
0.7552	0.5945	1.8173	0.5001	2.7325
0.7571	0.5969	1.8049	0.5107	2.8435
0.7476	0.5908	1.7975	0.4958	2.6736
0.7555	0.5956	1.8181	0.4982	2.7393
0.7569	0.5969	1.8137	0.5037	2.7201
0.7578	0.5964	1.8171	0.5008	2.7054
