Metric: | MAE	| NMAE	| RMSE	| MRE	| NPRE	
Avg:	5.4734	0.4951	31.9665	0.4301	2.4990
Std:	0.1097	0.0101	2.7256	0.0092	0.0677

==========================================
Detailed results for 20 rounds:
5.6549	0.5163	30.2958	0.4424	2.4949
5.6331	0.5062	32.8902	0.4389	2.6364
5.4914	0.4945	38.3747	0.4233	2.4416
5.3785	0.4888	31.1603	0.4310	2.3797
5.4769	0.4966	31.2058	0.4243	2.4418
5.2676	0.4756	29.8130	0.4109	2.4388
5.5204	0.4989	30.5732	0.4470	2.4946
5.4165	0.4911	37.8160	0.4193	2.5515
5.3958	0.4861	33.9412	0.4177	2.4504
5.2609	0.4734	28.5170	0.4179	2.4809
5.6406	0.5083	35.6951	0.4265	2.5609
5.6354	0.5082	29.2640	0.4416	2.5922
5.4334	0.4926	34.8593	0.4392	2.6244
5.4575	0.4926	32.1261	0.4300	2.4886
5.4666	0.4988	30.3282	0.4305	2.4763
5.3983	0.4880	30.0023	0.4321	2.4749
5.5723	0.5012	31.2605	0.4377	2.5512
5.4691	0.4952	29.2336	0.4296	2.5283
5.4751	0.4977	30.8869	0.4289	2.4684
5.4232	0.4917	31.0861	0.4331	2.4049
