Metric: | MAE	| NMAE	| RMSE	| MRE	| NPRE	
Avg:	0.7726	0.5830	1.7591	0.5447	3.1841
Std:	0.0031	0.0026	0.0075	0.0081	0.0547

==========================================
Detailed results for 20 rounds:
0.7783	0.5878	1.7657	0.5530	3.2433
0.7693	0.5809	1.7479	0.5504	3.2432
0.7721	0.5844	1.7500	0.5545	3.2414
0.7727	0.5850	1.7487	0.5462	3.2147
0.7722	0.5856	1.7495	0.5526	3.2463
0.7719	0.5793	1.7722	0.5276	3.0489
0.7794	0.5866	1.7621	0.5566	3.2408
0.7752	0.5836	1.7728	0.5388	3.1298
0.7721	0.5842	1.7583	0.5553	3.2337
0.7699	0.5783	1.7643	0.5335	3.0906
0.7680	0.5803	1.7560	0.5382	3.1400
0.7698	0.5798	1.7594	0.5329	3.1442
0.7738	0.5807	1.7679	0.5423	3.1636
0.7752	0.5858	1.7506	0.5529	3.2329
0.7668	0.5804	1.7564	0.5358	3.1582
0.7756	0.5852	1.7646	0.5442	3.1928
0.7698	0.5820	1.7557	0.5425	3.1467
0.7738	0.5833	1.7562	0.5474	3.2065
0.7734	0.5835	1.7661	0.5422	3.1726
0.7735	0.5833	1.7576	0.5466	3.1919
