Metric: | MAE	| NMAE	| RMSE	| MRE	| NPRE	
Avg:	5.5102	0.4914	31.1897	0.4406	2.6244
Std:	0.1358	0.0121	1.7539	0.0071	0.0793

==========================================
Detailed results for 20 rounds:
5.7086	0.5072	31.7994	0.4487	2.5774
5.3797	0.4784	30.1666	0.4314	2.4692
5.3685	0.4790	30.3676	0.4293	2.5013
5.6108	0.5014	32.5835	0.4502	2.6886
5.5597	0.4982	32.8878	0.4432	2.6551
5.5164	0.4974	31.3010	0.4392	2.6626
5.3733	0.4761	31.1642	0.4366	2.5671
5.3852	0.4801	29.5875	0.4308	2.5658
5.6034	0.4985	34.3210	0.4379	2.5649
5.3550	0.4761	28.5199	0.4370	2.7031
5.5789	0.4981	29.8653	0.4506	2.7301
5.6229	0.4992	32.5847	0.4471	2.6327
5.2921	0.4758	28.7740	0.4319	2.5865
5.5053	0.4920	31.8615	0.4420	2.6607
5.5519	0.4933	29.3806	0.4444	2.6823
5.5008	0.4903	33.9886	0.4426	2.6896
5.4227	0.4806	33.0163	0.4361	2.5341
5.3852	0.4814	29.2197	0.4332	2.5491
5.6554	0.5062	29.3609	0.4500	2.7002
5.8290	0.5188	33.0436	0.4509	2.7670
