Metric: | MAE	| NMAE	| RMSE	| MRE	| NPRE	
Avg:	0.9413	0.6992	2.3146	0.5733	2.1811
Std:	0.0042	0.0028	0.0106	0.0049	0.0467

==========================================
Detailed results for 20 rounds:
0.9385	0.6994	2.3011	0.5719	2.2159
0.9435	0.7001	2.3125	0.5726	2.2321
0.9411	0.6989	2.3154	0.5746	2.1417
0.9399	0.6986	2.3068	0.5743	2.2028
0.9477	0.7035	2.3288	0.5804	2.1969
0.9422	0.6982	2.3173	0.5718	2.2715
0.9380	0.6967	2.3173	0.5688	2.1905
0.9383	0.6972	2.3273	0.5663	2.0734
0.9312	0.6928	2.2856	0.5615	2.1395
0.9479	0.7037	2.3250	0.5775	2.2395
0.9391	0.6977	2.3008	0.5789	2.2298
0.9403	0.6983	2.3143	0.5749	2.1401
0.9445	0.7012	2.3211	0.5771	2.1870
0.9460	0.7011	2.3238	0.5791	2.1463
0.9422	0.7000	2.3119	0.5708	2.2142
0.9435	0.7006	2.3214	0.5805	2.1612
0.9373	0.6956	2.3091	0.5739	2.1050
0.9354	0.6953	2.3060	0.5675	2.1795
0.9430	0.7011	2.3205	0.5691	2.1778
0.9462	0.7038	2.3265	0.5738	2.1781
