Metric: | MAE	| NMAE	| RMSE	| MRE	| NPRE	
Avg:	0.7929	0.5864	1.8255	0.5403	3.1035
Std:	0.0032	0.0026	0.0072	0.0097	0.0597

==========================================
Detailed results for 20 rounds:
0.8015	0.5931	1.8300	0.5548	3.2147
0.7891	0.5829	1.8296	0.5265	3.0305
0.7916	0.5838	1.8296	0.5371	3.0510
0.7927	0.5883	1.8254	0.5462	3.1487
0.7941	0.5863	1.8258	0.5438	3.1614
0.7937	0.5877	1.8300	0.5369	3.0588
0.7958	0.5874	1.8294	0.5423	3.1237
0.7925	0.5853	1.8352	0.5424	3.0859
0.7952	0.5857	1.8227	0.5529	3.1732
0.7928	0.5877	1.8207	0.5461	3.1437
0.7930	0.5835	1.8386	0.5240	3.0301
0.7935	0.5852	1.8148	0.5506	3.1475
0.7898	0.5864	1.8087	0.5378	3.0771
0.7985	0.5912	1.8237	0.5603	3.2288
0.7877	0.5838	1.8232	0.5321	3.0664
0.7908	0.5844	1.8285	0.5286	3.0333
0.7921	0.5854	1.8349	0.5313	3.0432
0.7937	0.5880	1.8229	0.5433	3.1068
0.7874	0.5831	1.8225	0.5282	3.0542
0.7924	0.5887	1.8140	0.5405	3.0915
