Metric: | MAE	| NMAE	| RMSE	| MRE	| NPRE	
Avg:	0.8831	0.6321	2.0886	0.5329	2.7529
Std:	0.0051	0.0033	0.0085	0.0060	0.0429

==========================================
Detailed results for 20 rounds:
0.8887	0.6355	2.0967	0.5345	2.7682
0.8788	0.6306	2.0792	0.5277	2.7303
0.8789	0.6296	2.0778	0.5314	2.7671
0.8829	0.6314	2.1016	0.5315	2.7583
0.8767	0.6272	2.0851	0.5234	2.6843
0.8715	0.6248	2.0805	0.5185	2.6896
0.8849	0.6331	2.0840	0.5371	2.7821
0.8882	0.6361	2.0848	0.5405	2.8010
0.8878	0.6341	2.0972	0.5339	2.7602
0.8935	0.6388	2.1067	0.5426	2.7609
0.8779	0.6281	2.0955	0.5263	2.6563
0.8843	0.6328	2.0942	0.5310	2.7721
0.8800	0.6308	2.0741	0.5339	2.7181
0.8882	0.6350	2.0938	0.5405	2.8033
0.8821	0.6316	2.0891	0.5283	2.6850
0.8817	0.6308	2.0838	0.5321	2.7822
0.8825	0.6317	2.0865	0.5341	2.7782
0.8829	0.6317	2.0800	0.5352	2.7880
0.8814	0.6307	2.0843	0.5322	2.7665
0.8895	0.6370	2.0969	0.5425	2.8069
