Metric: | MAE	| NMAE	| RMSE	| MRE	| NPRE	
Avg:	6.2310	0.5810	41.6163	0.5211	1.6944
Std:	0.1420	0.0133	1.1632	0.0077	0.0854

==========================================
Detailed results for 20 rounds:
6.5303	0.6101	39.5245	0.5317	1.7508
6.0724	0.5673	42.0219	0.5154	1.6448
6.1760	0.5760	40.9180	0.5114	1.7774
6.0236	0.5629	42.0583	0.5096	1.6330
6.4012	0.5950	41.7043	0.5269	1.7824
6.0841	0.5661	42.5385	0.5066	1.5381
6.2330	0.5813	41.8106	0.5149	1.7885
6.3279	0.5900	40.0064	0.5245	1.8371
6.1468	0.5731	40.8277	0.5223	1.6447
6.2135	0.5778	42.7672	0.5307	1.6155
6.2266	0.5810	39.9146	0.5268	1.7587
6.2604	0.5839	41.0134	0.5237	1.6094
6.1713	0.5757	41.2680	0.5194	1.7724
6.5722	0.6126	44.4171	0.5327	1.8041
6.1222	0.5685	43.4004	0.5185	1.6244
6.2325	0.5829	40.7444	0.5182	1.7226
6.3472	0.5915	41.6183	0.5272	1.7034
6.1314	0.5705	42.7087	0.5166	1.5426
6.0953	0.5692	41.6501	0.5123	1.6671
6.2520	0.5836	41.4142	0.5319	1.6713
