Metric: | MAE	| NMAE	| RMSE	| MRE	| NPRE	
Avg:	5.6083	0.5237	36.7183	0.4720	2.2330
Std:	0.0909	0.0087	2.2443	0.0077	0.0882

==========================================
Detailed results for 20 rounds:
5.7143	0.5360	34.7641	0.4853	2.2873
5.6336	0.5237	38.8378	0.4766	2.1501
5.5622	0.5199	34.4866	0.4741	2.2118
5.4805	0.5113	36.2253	0.4654	2.1811
5.5001	0.5120	34.4181	0.4636	2.3059
5.5572	0.5190	36.0089	0.4623	2.2977
5.5137	0.5162	32.4915	0.4635	2.4246
5.7299	0.5352	35.4254	0.4889	2.2851
5.6550	0.5298	35.8702	0.4770	2.1855
5.6454	0.5246	38.8604	0.4768	2.1535
5.4129	0.5072	36.2958	0.4612	2.3307
5.5203	0.5143	37.8864	0.4673	2.1722
5.6392	0.5291	38.7536	0.4675	2.2738
5.7357	0.5352	37.0276	0.4746	2.2637
5.6864	0.5270	40.1406	0.4739	2.2236
5.6801	0.5319	35.8727	0.4757	2.3620
5.7190	0.5345	33.0825	0.4817	2.2170
5.5315	0.5150	41.0408	0.4676	2.0399
5.6349	0.5276	37.9217	0.4731	2.1554
5.6140	0.5241	38.9556	0.4644	2.1386
