Metric: | MAE	| NMAE	| RMSE	| MRE	| NPRE	
Avg:	0.8247	0.5877	1.8982	0.5340	2.9497
Std:	0.0040	0.0026	0.0079	0.0060	0.0492

==========================================
Detailed results for 20 rounds:
0.8263	0.5899	1.8984	0.5356	2.9600
0.8265	0.5870	1.9176	0.5281	2.9012
0.8259	0.5874	1.9016	0.5354	2.9414
0.8209	0.5873	1.8876	0.5348	2.9673
0.8165	0.5826	1.8877	0.5313	2.9286
0.8314	0.5914	1.8951	0.5516	3.0306
0.8215	0.5854	1.8948	0.5328	2.9627
0.8266	0.5886	1.9080	0.5248	2.9610
0.8198	0.5842	1.8947	0.5305	2.8951
0.8214	0.5865	1.8878	0.5404	2.9931
0.8258	0.5888	1.9067	0.5356	2.9296
0.8282	0.5914	1.8962	0.5404	2.9875
0.8230	0.5871	1.8955	0.5309	2.9131
0.8311	0.5931	1.9052	0.5334	2.9777
0.8256	0.5876	1.9035	0.5298	2.8926
0.8283	0.5887	1.8995	0.5388	3.0142
0.8253	0.5867	1.8983	0.5326	2.9402
0.8296	0.5904	1.8997	0.5367	3.0344
0.8194	0.5837	1.9021	0.5229	2.8290
0.8208	0.5856	1.8831	0.5332	2.9348
