Metric: | MAE	| NMAE	| RMSE	| MRE	| NPRE	
Avg:	5.4689	0.5126	32.6486	0.4516	2.1547
Std:	0.1000	0.0092	1.4513	0.0088	0.0857

==========================================
Detailed results for 20 rounds:
5.6111	0.5236	35.2917	0.4627	2.0429
5.4994	0.5140	32.7644	0.4526	2.1330
5.3583	0.5039	30.3459	0.4478	2.1819
5.4084	0.5048	32.2756	0.4417	2.0989
5.4852	0.5133	32.8447	0.4508	2.1671
5.4537	0.5122	32.8124	0.4629	2.2366
5.4920	0.5152	32.2424	0.4575	2.1243
5.6001	0.5256	31.9723	0.4521	2.3011
5.4203	0.5091	31.6304	0.4494	2.2010
5.3593	0.4996	34.7222	0.4339	2.1828
5.6201	0.5276	32.3545	0.4626	2.2678
5.3907	0.5034	33.3349	0.4354	1.9621
5.4741	0.5150	29.9877	0.4566	2.2227
5.5601	0.5222	33.3897	0.4611	2.1221
5.4880	0.5149	33.9808	0.4578	2.2134
5.3887	0.5054	30.3289	0.4480	2.0713
5.3956	0.5061	31.6910	0.4412	2.0576
5.3879	0.5063	34.4282	0.4473	2.1118
5.6842	0.5312	31.9802	0.4626	2.2897
5.3012	0.4996	34.5943	0.4470	2.1067
