Metric: | MAE	| NMAE	| RMSE	| MRE	| NPRE	
Avg:	5.3848	0.4956	30.8267	0.4483	2.4986
Std:	0.0976	0.0084	1.6456	0.0055	0.0573

==========================================
Detailed results for 20 rounds:
5.2894	0.4882	35.0550	0.4460	2.4891
5.3303	0.4891	30.9709	0.4472	2.4794
5.2420	0.4831	30.0771	0.4438	2.3950
5.3127	0.4858	31.0109	0.4364	2.5182
5.3030	0.4898	30.1985	0.4448	2.6060
5.3905	0.4951	32.3746	0.4458	2.5088
5.4208	0.4976	29.9608	0.4487	2.4446
5.4085	0.4991	30.0906	0.4417	2.6171
5.2654	0.4831	31.5452	0.4423	2.3773
5.5002	0.5053	33.1610	0.4554	2.4566
5.3461	0.4961	30.4351	0.4445	2.4627
5.3922	0.4948	29.6986	0.4541	2.4896
5.6147	0.5131	33.2768	0.4497	2.5116
5.4195	0.4982	28.9056	0.4550	2.5226
5.4244	0.5019	29.7238	0.4527	2.5518
5.3885	0.4951	31.6838	0.4458	2.4983
5.6150	0.5157	31.4329	0.4596	2.5471
5.3418	0.4920	28.7943	0.4477	2.4828
5.3171	0.4940	28.1018	0.4504	2.5327
5.3731	0.4951	30.0358	0.4540	2.4813
