Metric: | MAE	| NMAE	| RMSE	| MRE	| NPRE	
Avg:	0.8375	0.5791	1.8949	0.5563	3.3717
Std:	0.0042	0.0031	0.0065	0.0062	0.0495

==========================================
Detailed results for 20 rounds:
0.8420	0.5808	1.9054	0.5601	3.4249
0.8318	0.5755	1.8879	0.5473	3.3188
0.8411	0.5812	1.9018	0.5613	3.3884
0.8384	0.5800	1.9025	0.5581	3.3340
0.8359	0.5768	1.8920	0.5508	3.3812
0.8276	0.5734	1.8853	0.5510	3.3248
0.8382	0.5800	1.8936	0.5572	3.4139
0.8430	0.5820	1.9038	0.5608	3.4103
0.8363	0.5799	1.8858	0.5645	3.4318
0.8378	0.5802	1.9026	0.5540	3.3460
0.8411	0.5814	1.8967	0.5591	3.3742
0.8410	0.5820	1.8987	0.5533	3.3471
0.8386	0.5788	1.8945	0.5579	3.4016
0.8365	0.5781	1.8975	0.5506	3.3046
0.8340	0.5797	1.8845	0.5623	3.3504
0.8330	0.5738	1.8953	0.5431	3.3039
0.8455	0.5857	1.8967	0.5658	3.4921
0.8371	0.5798	1.8840	0.5654	3.4246
0.8388	0.5800	1.8970	0.5527	3.3401
0.8323	0.5732	1.8929	0.5503	3.3209
