Metric: | MAE	| NMAE	| RMSE	| MRE	| NPRE	
Avg:	5.7963	0.5213	33.2174	0.4539	2.0787
Std:	0.1053	0.0088	0.9941	0.0068	0.0820

==========================================
Detailed results for 20 rounds:
5.7933	0.5230	33.9543	0.4537	2.1606
5.7603	0.5157	34.1359	0.4517	2.0340
5.7727	0.5194	32.6593	0.4506	2.0715
5.7844	0.5209	34.6003	0.4535	2.1517
5.8153	0.5235	32.4240	0.4618	1.9647
5.7741	0.5200	32.0123	0.4521	2.1672
5.6403	0.5098	31.2855	0.4451	2.0191
5.6650	0.5102	32.7656	0.4471	2.0341
5.8982	0.5272	34.1689	0.4667	2.1091
5.6287	0.5072	32.6487	0.4551	1.9925
5.7061	0.5129	33.8851	0.4438	2.1123
6.0781	0.5445	33.5102	0.4684	2.2820
5.7664	0.5213	32.0272	0.4477	2.0276
5.8520	0.5245	34.5862	0.4539	2.1134
5.7569	0.5155	33.7895	0.4420	2.0014
5.7489	0.5182	31.7671	0.4558	2.0271
5.8180	0.5255	32.4160	0.4556	2.0131
5.9940	0.5391	34.3855	0.4581	2.2069
5.8178	0.5223	33.3087	0.4576	1.9821
5.8551	0.5254	34.0169	0.4577	2.1047
