Metric: | MAE	| NMAE	| RMSE	| MRE	| NPRE	
Avg:	6.6185	0.5695	43.3298	0.4942	1.6548
Std:	0.1583	0.0137	1.5105	0.0089	0.0766

==========================================
Detailed results for 20 rounds:
6.7094	0.5769	42.7882	0.5056	1.6206
6.4798	0.5574	43.4385	0.4894	1.5825
6.9335	0.5947	42.9889	0.5007	1.6624
6.7152	0.5778	42.8822	0.4937	1.7128
6.5522	0.5645	42.4875	0.4969	1.7685
6.8234	0.5899	40.8100	0.5075	1.7847
6.6143	0.5672	44.8566	0.4961	1.4538
6.5734	0.5639	44.4301	0.4830	1.6649
6.6079	0.5694	43.0097	0.4923	1.6668
6.8503	0.5903	47.2593	0.5047	1.7362
6.7230	0.5797	40.5776	0.4977	1.6411
6.5721	0.5635	45.0172	0.4883	1.6239
6.6860	0.5760	43.0040	0.5009	1.6363
6.4557	0.5553	43.9882	0.4921	1.6712
6.7159	0.5786	41.0389	0.5044	1.7697
6.3565	0.5458	42.6550	0.4687	1.5950
6.6589	0.5731	43.3465	0.4859	1.6686
6.2662	0.5415	43.3791	0.4906	1.5566
6.5067	0.5587	44.6653	0.4961	1.6702
6.5697	0.5651	43.9738	0.4895	1.6111
