Metric: | MAE	| NMAE	| RMSE	| MRE	| NPRE	
Avg:	0.7712	0.6040	1.8347	0.5403	3.1196
Std:	0.0033	0.0023	0.0070	0.0055	0.0355

==========================================
Detailed results for 20 rounds:
0.7725	0.6046	1.8267	0.5432	3.1265
0.7704	0.6027	1.8347	0.5390	3.0790
0.7741	0.6047	1.8455	0.5448	3.1444
0.7690	0.6034	1.8297	0.5351	3.1056
0.7721	0.6073	1.8284	0.5398	3.1312
0.7718	0.6040	1.8307	0.5474	3.0906
0.7686	0.6017	1.8391	0.5324	3.0673
0.7662	0.6016	1.8252	0.5372	3.0838
0.7751	0.6065	1.8446	0.5436	3.1500
0.7704	0.6040	1.8287	0.5409	3.1678
0.7711	0.6046	1.8329	0.5461	3.1956
0.7753	0.6067	1.8303	0.5488	3.1496
0.7709	0.6029	1.8365	0.5437	3.1436
0.7636	0.5988	1.8243	0.5316	3.0641
0.7699	0.6035	1.8350	0.5413	3.1229
0.7705	0.6018	1.8316	0.5399	3.1246
0.7701	0.6023	1.8412	0.5322	3.0722
0.7710	0.6051	1.8413	0.5401	3.0943
0.7796	0.6095	1.8502	0.5489	3.1548
0.7725	0.6052	1.8383	0.5310	3.1245
