Metric: | MAE	| NMAE	| RMSE	| MRE	| NPRE	
Avg:	5.3942	0.4777	30.4243	0.4094	2.2774
Std:	0.0943	0.0075	1.7467	0.0067	0.0661

==========================================
Detailed results for 20 rounds:
5.4444	0.4740	30.5026	0.4082	2.2048
5.5904	0.4981	28.8640	0.4252	2.4195
5.2282	0.4694	27.5808	0.4072	2.3072
5.3754	0.4779	30.1510	0.4109	2.3586
5.4313	0.4811	32.6219	0.4118	2.2899
5.3961	0.4820	29.8083	0.4152	2.2301
5.2274	0.4647	29.6119	0.3972	2.2718
5.3784	0.4769	29.2965	0.4045	2.2532
5.5617	0.4870	35.3117	0.4019	2.2042
5.4945	0.4841	31.8416	0.4146	2.3451
5.3535	0.4770	29.1514	0.4125	2.2629
5.3150	0.4730	29.0353	0.4065	2.2945
5.3273	0.4721	32.7709	0.4039	2.1633
5.3198	0.4698	29.7933	0.4051	2.2755
5.4615	0.4854	29.5454	0.4187	2.2986
5.4238	0.4791	32.0725	0.4168	2.3040
5.4271	0.4748	31.0721	0.4023	2.2319
5.3889	0.4720	30.8431	0.4094	2.1831
5.2805	0.4716	28.4867	0.4019	2.4005
5.4580	0.4835	30.1250	0.4136	2.2495
