Metric: | MAE	| NMAE	| RMSE	| MRE	| NPRE	
Avg:	5.7028	0.5063	32.4098	0.4451	2.2643
Std:	0.1179	0.0114	1.0191	0.0094	0.1151

==========================================
Detailed results for 20 rounds:
5.6960	0.5050	32.8318	0.4444	2.2840
5.8549	0.5205	34.0854	0.4469	2.2783
5.5415	0.4899	34.4559	0.4246	2.0509
5.7343	0.5101	31.4739	0.4506	2.2910
5.7222	0.5084	31.6414	0.4496	2.3359
5.6752	0.5018	32.6603	0.4446	2.2472
5.8811	0.5235	33.2800	0.4637	2.3850
5.6447	0.5022	30.8713	0.4455	2.2286
5.8071	0.5135	31.8097	0.4328	2.2315
5.5193	0.4889	30.7339	0.4401	2.2274
5.7918	0.5142	32.4890	0.4526	2.2637
5.6321	0.4985	33.8141	0.4345	2.2091
5.5788	0.4935	32.7762	0.4435	2.2572
5.8306	0.5199	33.3928	0.4552	2.4069
5.5157	0.4890	31.4651	0.4348	2.0824
5.7661	0.5139	31.8822	0.4416	2.3141
5.8868	0.5249	32.0197	0.4641	2.4907
5.7602	0.5136	31.6014	0.4487	2.4665
5.5435	0.4934	33.0544	0.4434	2.1243
5.6735	0.5020	31.8578	0.4413	2.1112
