Metric: | MAE	| NMAE	| RMSE	| MRE	| NPRE	
Avg:	6.3907	0.5654	38.8564	0.4965	1.5874
Std:	0.1067	0.0100	0.8127	0.0120	0.0971

==========================================
Detailed results for 20 rounds:
6.4132	0.5658	40.4340	0.4873	1.5168
6.5351	0.5792	39.1365	0.5007	1.7422
6.2815	0.5556	37.9792	0.4890	1.4585
6.5520	0.5817	38.1833	0.5205	1.6076
6.5265	0.5801	37.9864	0.5173	1.7532
6.2997	0.5562	39.5413	0.4799	1.4896
6.5013	0.5747	39.0320	0.4999	1.6937
6.3823	0.5669	37.6205	0.5021	1.6253
6.3273	0.5594	38.5800	0.4901	1.6335
6.4391	0.5694	38.6593	0.5007	1.6900
6.4345	0.5694	39.1964	0.4954	1.5367
6.3240	0.5573	39.3023	0.4938	1.4885
6.3821	0.5626	40.1099	0.4870	1.5039
6.5371	0.5782	38.9915	0.5113	1.6008
6.2344	0.5528	38.9620	0.4838	1.5987
6.2758	0.5560	37.0263	0.4999	1.6568
6.3779	0.5642	39.3923	0.4984	1.5161
6.5019	0.5755	38.7666	0.5100	1.6770
6.2771	0.5555	38.4712	0.4911	1.5773
6.2122	0.5476	39.7573	0.4717	1.3813
