Metric: | MAE	| NMAE	| RMSE	| MRE	| NPRE	
Avg:	5.5971	0.4943	31.2375	0.4234	2.4764
Std:	0.1612	0.0147	1.3831	0.0109	0.0826

==========================================
Detailed results for 20 rounds:
5.6767	0.4972	30.6517	0.4331	2.4989
5.6461	0.4996	30.6147	0.4318	2.6130
5.6282	0.4961	31.2914	0.4266	2.4166
5.7074	0.5044	31.3095	0.4323	2.4665
5.4096	0.4759	32.4484	0.4002	2.3977
5.8296	0.5164	29.8476	0.4408	2.6406
5.8366	0.5115	35.5486	0.4272	2.4860
5.6839	0.5083	32.1527	0.4251	2.4268
5.2569	0.4620	31.6449	0.4040	2.3775
5.4128	0.4787	30.6263	0.4229	2.5028
5.4444	0.4839	30.0898	0.4203	2.4896
5.6909	0.5018	31.4421	0.4334	2.5294
5.6168	0.4999	30.1156	0.4236	2.5889
5.4763	0.4800	31.8591	0.4132	2.3715
5.7682	0.5066	30.0723	0.4342	2.5960
5.3008	0.4658	28.8490	0.4015	2.3265
5.6649	0.5019	31.7960	0.4289	2.4430
5.6424	0.4996	32.0959	0.4247	2.4336
5.5210	0.4905	29.9175	0.4174	2.4420
5.7284	0.5060	32.3771	0.4273	2.4810
