Metric: | MAE	| NMAE	| RMSE	| MRE	| NPRE	
Avg:	0.6962	0.5513	1.6596	0.4948	2.8823
Std:	0.0035	0.0027	0.0071	0.0071	0.0474

==========================================
Detailed results for 20 rounds:
0.6977	0.5519	1.6585	0.4974	2.9147
0.6937	0.5499	1.6531	0.5019	2.8859
0.6973	0.5530	1.6542	0.5033	2.9442
0.6995	0.5535	1.6604	0.5030	2.9293
0.6999	0.5544	1.6673	0.4960	2.8975
0.6930	0.5515	1.6450	0.4939	2.9330
0.6947	0.5521	1.6644	0.4964	2.9152
0.6931	0.5519	1.6489	0.4916	2.8543
0.6939	0.5497	1.6499	0.4920	2.8933
0.6974	0.5516	1.6570	0.4972	2.9084
0.6986	0.5535	1.6650	0.4979	2.9121
0.6994	0.5524	1.6756	0.4861	2.8480
0.6947	0.5498	1.6661	0.4871	2.8421
0.6978	0.5513	1.6626	0.4935	2.8533
0.6960	0.5497	1.6636	0.4940	2.8147
0.7003	0.5550	1.6586	0.5023	2.9241
0.7023	0.5536	1.6655	0.5073	2.9337
0.6870	0.5435	1.6543	0.4757	2.7610
0.6969	0.5505	1.6624	0.4924	2.8615
0.6911	0.5460	1.6596	0.4868	2.8206
