Metric: | MAE	| NMAE	| RMSE	| MRE	| NPRE	
Avg:	0.6993	0.5598	1.6725	0.4920	2.7937
Std:	0.0027	0.0025	0.0073	0.0047	0.0382

==========================================
Detailed results for 20 rounds:
0.7007	0.5619	1.6692	0.4924	2.8012
0.7008	0.5617	1.6733	0.4922	2.8128
0.7015	0.5615	1.6681	0.4939	2.8442
0.6933	0.5561	1.6627	0.4909	2.7510
0.6948	0.5545	1.6665	0.4819	2.7460
0.6969	0.5570	1.6774	0.4919	2.7585
0.7020	0.5607	1.6793	0.4875	2.7557
0.6990	0.5609	1.6631	0.4978	2.8417
0.7021	0.5623	1.6681	0.5053	2.8439
0.6980	0.5572	1.6788	0.4872	2.7921
0.7001	0.5617	1.6831	0.4908	2.7596
0.6991	0.5610	1.6641	0.4933	2.8147
0.7023	0.5602	1.6855	0.4932	2.7610
0.6998	0.5597	1.6738	0.4935	2.8410
0.6977	0.5577	1.6710	0.4911	2.7444
0.7002	0.5610	1.6704	0.4881	2.7869
0.7046	0.5655	1.6819	0.4969	2.8695
0.6995	0.5595	1.6812	0.4913	2.7865
0.6957	0.5583	1.6601	0.4947	2.8054
0.6974	0.5577	1.6723	0.4864	2.7576
