Metric: | MAE	| NMAE	| RMSE	| MRE	| NPRE	
Avg:	5.5500	0.4914	31.1682	0.4287	2.2569
Std:	0.1028	0.0099	0.8487	0.0071	0.0849

==========================================
Detailed results for 20 rounds:
5.6646	0.5037	31.2728	0.4387	2.2407
5.4489	0.4817	30.8042	0.4188	2.1865
5.5104	0.4902	29.8248	0.4270	2.2803
5.5734	0.4955	31.9362	0.4381	2.3906
5.7757	0.5115	31.2387	0.4399	2.3982
5.4521	0.4867	30.6344	0.4224	2.4133
5.6302	0.4974	30.2472	0.4341	2.2719
5.6817	0.5019	32.6692	0.4267	2.2798
5.4533	0.4829	31.0596	0.4245	2.2757
5.5374	0.4895	31.7966	0.4356	2.2686
5.5448	0.4901	32.3747	0.4319	2.2452
5.4703	0.4887	29.5179	0.4346	2.1857
5.6128	0.4962	32.5131	0.4225	2.2856
5.6504	0.4983	31.3491	0.4347	2.3393
5.4056	0.4741	31.5101	0.4156	2.1471
5.5124	0.4882	31.0130	0.4263	2.2424
5.5207	0.4856	31.0972	0.4292	2.1575
5.6228	0.4989	30.0794	0.4321	2.2919
5.5874	0.4984	30.6148	0.4210	2.1351
5.3449	0.4684	31.8106	0.4196	2.1028
