Metric: | MAE	| NMAE	| RMSE	| MRE	| NPRE	
Avg:	0.7440	0.5607	1.6871	0.5229	3.0839
Std:	0.0038	0.0027	0.0068	0.0054	0.0425

==========================================
Detailed results for 20 rounds:
0.7530	0.5656	1.7034	0.5271	3.1079
0.7445	0.5625	1.6878	0.5340	3.1428
0.7469	0.5611	1.6895	0.5230	3.0776
0.7414	0.5570	1.6890	0.5128	3.0607
0.7480	0.5651	1.6846	0.5282	3.1708
0.7411	0.5585	1.6950	0.5197	3.0233
0.7502	0.5661	1.6892	0.5278	3.1624
0.7440	0.5612	1.6838	0.5305	3.0950
0.7403	0.5590	1.6792	0.5190	3.0406
0.7454	0.5638	1.6777	0.5268	3.1098
0.7403	0.5582	1.6834	0.5213	3.0418
0.7431	0.5602	1.6787	0.5249	3.0926
0.7472	0.5596	1.6994	0.5238	3.0249
0.7375	0.5581	1.6800	0.5124	3.0807
0.7453	0.5618	1.6867	0.5228	3.1052
0.7406	0.5582	1.6794	0.5251	3.1185
0.7458	0.5628	1.6854	0.5206	3.0690
0.7389	0.5586	1.6861	0.5160	3.0624
0.7439	0.5575	1.6957	0.5191	3.0240
0.7417	0.5590	1.6875	0.5236	3.0678
