Metric: | MAE	| NMAE	| RMSE	| MRE	| NPRE	
Avg:	0.7700	0.5805	1.7680	0.5244	3.0391
Std:	0.0029	0.0024	0.0058	0.0053	0.0428

==========================================
Detailed results for 20 rounds:
0.7698	0.5804	1.7683	0.5217	3.0434
0.7701	0.5809	1.7635	0.5288	3.1021
0.7762	0.5844	1.7708	0.5293	3.0720
0.7689	0.5782	1.7694	0.5184	3.0082
0.7745	0.5847	1.7777	0.5310	3.0777
0.7699	0.5805	1.7690	0.5289	3.0655
0.7738	0.5822	1.7680	0.5319	3.0809
0.7723	0.5825	1.7702	0.5225	3.0560
0.7663	0.5773	1.7674	0.5186	2.9657
0.7700	0.5827	1.7577	0.5275	3.0583
0.7632	0.5745	1.7736	0.5132	2.9465
0.7682	0.5794	1.7623	0.5244	2.9964
0.7689	0.5791	1.7686	0.5266	3.0081
0.7667	0.5787	1.7642	0.5181	3.0304
0.7707	0.5822	1.7670	0.5284	3.0454
0.7696	0.5801	1.7583	0.5257	3.0910
0.7689	0.5803	1.7608	0.5211	3.0328
0.7712	0.5831	1.7671	0.5264	3.0778
0.7689	0.5780	1.7784	0.5156	2.9710
0.7722	0.5815	1.7778	0.5305	3.0536
