Metric: | MAE	| NMAE	| RMSE	| MRE	| NPRE	
Avg:	5.5570	0.5148	34.2322	0.4612	2.2969
Std:	0.1443	0.0131	2.5439	0.0084	0.0708

==========================================
Detailed results for 20 rounds:
5.3973	0.5006	31.0760	0.4593	2.3484
5.5932	0.5193	32.2221	0.4617	2.2714
5.8012	0.5346	39.0320	0.4606	2.2122
5.6441	0.5222	36.7292	0.4661	2.3481
5.3944	0.5013	33.2484	0.4605	2.2393
5.6451	0.5254	33.0702	0.4715	2.3674
5.6790	0.5240	32.5176	0.4701	2.3850
5.4695	0.5093	34.1650	0.4703	2.1871
5.6553	0.5199	33.8704	0.4521	2.1987
5.3861	0.5008	31.8322	0.4580	2.2561
5.6940	0.5255	36.8656	0.4636	2.3027
5.2895	0.4898	30.2573	0.4453	2.2955
5.5055	0.5099	35.5436	0.4552	2.3568
5.3722	0.4948	38.0182	0.4453	2.2067
5.6520	0.5245	33.9665	0.4758	2.3240
5.4079	0.4999	36.3720	0.4532	2.2804
5.6645	0.5242	37.9047	0.4640	2.2818
5.7895	0.5374	34.8089	0.4732	2.4589
5.5114	0.5131	32.9109	0.4624	2.3730
5.5876	0.5204	30.2324	0.4546	2.2448
