Metric: | MAE	| NMAE	| RMSE	| MRE	| NPRE	
Avg:	0.7427	0.5728	1.7398	0.5109	2.9874
Std:	0.0039	0.0025	0.0075	0.0050	0.0480

==========================================
Detailed results for 20 rounds:
0.7388	0.5714	1.7313	0.5088	2.9862
0.7436	0.5728	1.7427	0.5114	2.9827
0.7416	0.5719	1.7455	0.5054	2.9475
0.7391	0.5716	1.7297	0.5129	2.9707
0.7408	0.5726	1.7364	0.5072	2.9884
0.7442	0.5753	1.7311	0.5187	3.0597
0.7447	0.5748	1.7382	0.5112	2.9725
0.7435	0.5735	1.7350	0.5193	3.0654
0.7435	0.5719	1.7402	0.5126	2.9714
0.7394	0.5712	1.7422	0.5052	2.9535
0.7331	0.5651	1.7280	0.4999	2.8471
0.7429	0.5732	1.7408	0.5093	3.0052
0.7470	0.5758	1.7440	0.5116	3.0039
0.7430	0.5731	1.7393	0.5166	3.0234
0.7468	0.5747	1.7459	0.5154	3.0056
0.7430	0.5727	1.7412	0.5068	2.9936
0.7366	0.5690	1.7309	0.5049	2.9150
0.7467	0.5747	1.7443	0.5120	3.0123
0.7508	0.5763	1.7601	0.5174	3.0449
0.7452	0.5744	1.7489	0.5119	2.9998
