Metric: | MAE	| NMAE	| RMSE	| MRE	| NPRE	
Avg:	5.3857	0.4860	32.6549	0.4128	2.5229
Std:	0.0819	0.0079	2.3979	0.0059	0.0716

==========================================
Detailed results for 20 rounds:
5.1638	0.4656	29.7022	0.4016	2.3553
5.4706	0.4917	36.3764	0.4168	2.6046
5.2950	0.4756	30.8282	0.3988	2.3770
5.3182	0.4786	34.1041	0.4098	2.4850
5.3415	0.4833	31.3509	0.4117	2.5238
5.3479	0.4819	31.7837	0.4146	2.6221
5.3846	0.4844	32.6705	0.4055	2.5676
5.4005	0.4868	28.7932	0.4121	2.5387
5.3328	0.4797	32.3708	0.4208	2.4957
5.3910	0.4931	29.4808	0.4224	2.5645
5.4517	0.4934	35.9186	0.4140	2.5791
5.4761	0.4933	37.5813	0.4162	2.5498
5.3810	0.4914	30.9340	0.4161	2.5699
5.3603	0.4807	34.3365	0.4122	2.4653
5.4146	0.4864	31.2571	0.4057	2.6000
5.3979	0.4859	31.4460	0.4158	2.5576
5.3150	0.4833	31.8572	0.4151	2.4157
5.4277	0.4889	31.7732	0.4169	2.5181
5.5385	0.5014	35.6400	0.4187	2.5664
5.5045	0.4952	34.8934	0.4119	2.5016
