Metric: | MAE	| NMAE	| RMSE	| MRE	| NPRE	
Avg:	0.7294	0.5538	1.7111	0.5101	3.0464
Std:	0.0036	0.0026	0.0100	0.0065	0.0467

==========================================
Detailed results for 20 rounds:
0.7258	0.5514	1.7022	0.5109	3.0828
0.7299	0.5563	1.7054	0.5061	3.1218
0.7286	0.5517	1.7065	0.5083	3.0281
0.7346	0.5540	1.7157	0.5111	3.0719
0.7244	0.5525	1.6941	0.5131	3.0564
0.7324	0.5541	1.7165	0.5108	3.0278
0.7304	0.5561	1.7076	0.5159	3.0643
0.7282	0.5546	1.7100	0.5094	3.0538
0.7324	0.5578	1.7247	0.5100	3.1097
0.7377	0.5582	1.7201	0.5232	3.1057
0.7276	0.5496	1.7099	0.5103	3.0241
0.7289	0.5535	1.7067	0.5112	3.0328
0.7276	0.5555	1.6893	0.5189	3.1023
0.7260	0.5500	1.7285	0.4920	2.9263
0.7326	0.5571	1.7197	0.5155	3.0515
0.7340	0.5556	1.7268	0.5106	3.0368
0.7315	0.5543	1.7186	0.5119	3.0183
0.7242	0.5500	1.7100	0.4980	2.9606
0.7258	0.5529	1.7061	0.5043	3.0220
0.7262	0.5511	1.7041	0.5100	3.0320
