Metric: | MAE	| NMAE	| RMSE	| MRE	| NPRE	
Avg:	0.7544	0.5712	1.7277	0.5243	3.2452
Std:	0.0031	0.0019	0.0079	0.0063	0.0342

==========================================
Detailed results for 20 rounds:
0.7531	0.5694	1.7222	0.5220	3.2372
0.7591	0.5729	1.7317	0.5277	3.2923
0.7541	0.5728	1.7136	0.5346	3.3148
0.7529	0.5682	1.7236	0.5199	3.2356
0.7505	0.5693	1.7280	0.5170	3.2055
0.7550	0.5733	1.7211	0.5272	3.3067
0.7566	0.5711	1.7265	0.5308	3.2723
0.7545	0.5708	1.7254	0.5270	3.2629
0.7591	0.5742	1.7376	0.5367	3.2669
0.7559	0.5719	1.7404	0.5193	3.2151
0.7511	0.5691	1.7255	0.5268	3.2230
0.7524	0.5711	1.7282	0.5217	3.2395
0.7541	0.5695	1.7292	0.5184	3.2132
0.7499	0.5680	1.7233	0.5132	3.1968
0.7505	0.5703	1.7224	0.5136	3.2259
0.7550	0.5702	1.7358	0.5191	3.2030
0.7508	0.5720	1.7196	0.5280	3.2649
0.7608	0.5723	1.7449	0.5264	3.2120
0.7538	0.5733	1.7176	0.5272	3.2753
0.7582	0.5743	1.7376	0.5291	3.2406
