Metric: | MAE	| NMAE	| RMSE	| MRE	| NPRE	
Avg:	6.3856	0.5862	38.6413	0.5156	1.6738
Std:	0.1440	0.0137	0.8217	0.0116	0.0957

==========================================
Detailed results for 20 rounds:
6.5242	0.5991	40.1983	0.5204	1.6756
6.3512	0.5838	39.2904	0.5182	1.7045
6.7311	0.6195	38.2867	0.5408	1.8081
6.1965	0.5691	37.9293	0.4912	1.6257
6.2940	0.5788	37.5461	0.5214	1.7215
6.2423	0.5747	37.0897	0.5206	1.7097
6.2964	0.5766	39.2442	0.5081	1.4849
6.5830	0.6043	38.1422	0.5344	1.8930
6.4244	0.5884	39.6775	0.5039	1.7235
6.2981	0.5775	38.8494	0.5134	1.6217
6.2611	0.5739	39.3337	0.5041	1.5112
6.4054	0.5868	38.8802	0.5099	1.7024
6.3150	0.5781	39.4592	0.5076	1.5695
6.1987	0.5684	38.4983	0.5084	1.6197
6.5487	0.6025	38.2638	0.5255	1.7709
6.3204	0.5818	39.0767	0.5170	1.6409
6.6203	0.6103	37.1172	0.5328	1.7595
6.4504	0.5903	39.3061	0.5180	1.5819
6.3019	0.5764	38.0387	0.5130	1.7072
6.3493	0.5833	38.5991	0.5036	1.6442
