Metric: | MAE	| NMAE	| RMSE	| MRE	| NPRE	
Avg:	5.1487	0.4723	29.1386	0.4288	2.4184
Std:	0.0957	0.0078	1.1496	0.0061	0.0992

==========================================
Detailed results for 20 rounds:
5.1256	0.4678	29.0550	0.4339	2.5618
5.0932	0.4696	27.9456	0.4181	2.3780
5.0709	0.4653	29.2487	0.4288	2.2462
5.3171	0.4846	31.8148	0.4239	2.5158
5.0957	0.4682	29.3362	0.4240	2.4749
5.2089	0.4752	31.0634	0.4306	2.2490
5.1766	0.4702	29.1381	0.4248	2.4549
5.2404	0.4775	29.6369	0.4316	2.5821
5.1350	0.4718	28.3599	0.4260	2.4107
5.1534	0.4760	27.5878	0.4256	2.4449
5.1180	0.4728	28.0987	0.4224	2.2492
5.1396	0.4691	29.7397	0.4286	2.3806
4.9913	0.4638	27.9942	0.4324	2.3967
5.1912	0.4752	29.2340	0.4495	2.5007
4.9977	0.4636	27.3528	0.4319	2.3261
5.0645	0.4640	27.6274	0.4304	2.4436
5.2846	0.4854	30.2859	0.4283	2.4349
5.0922	0.4611	29.7860	0.4308	2.3261
5.3695	0.4919	29.4640	0.4271	2.5571
5.1087	0.4728	30.0026	0.4281	2.4345
