Metric: | MAE	| NMAE	| RMSE	| MRE	| NPRE	
Avg:	5.8315	0.5279	34.3878	0.4614	2.0204
Std:	0.1046	0.0100	0.9067	0.0094	0.0593

==========================================
Detailed results for 20 rounds:
6.0033	0.5449	34.7368	0.4628	2.0978
5.7490	0.5196	33.8194	0.4618	1.9621
5.7766	0.5227	32.5287	0.4545	2.0205
5.8281	0.5294	34.3477	0.4709	2.0749
5.8507	0.5281	34.9486	0.4615	2.0366
5.7568	0.5221	35.0948	0.4630	2.0727
6.0460	0.5491	33.7444	0.4786	2.0111
5.7340	0.5193	35.5980	0.4495	2.0279
6.0285	0.5452	35.0886	0.4771	2.0189
5.8719	0.5324	33.4595	0.4684	1.9990
5.6681	0.5154	32.9961	0.4644	2.0782
5.8157	0.5252	34.3835	0.4642	2.0506
5.6958	0.5134	36.0728	0.4460	1.9665
5.8146	0.5258	34.2605	0.4597	2.0378
5.8157	0.5261	34.0751	0.4505	1.9238
5.8573	0.5316	33.4436	0.4580	2.0545
5.9449	0.5386	34.8635	0.4763	2.1037
5.7231	0.5166	35.1684	0.4544	1.8754
5.7693	0.5193	35.5151	0.4467	1.9367
5.8802	0.5324	33.6105	0.4591	2.0588
