Metric: | MAE	| NMAE	| RMSE	| MRE	| NPRE	
Avg:	0.7281	0.5576	1.7090	0.5146	2.9178
Std:	0.0036	0.0026	0.0073	0.0049	0.0333

==========================================
Detailed results for 20 rounds:
0.7229	0.5545	1.7051	0.5146	2.9094
0.7315	0.5580	1.7265	0.5076	2.9037
0.7296	0.5579	1.7184	0.5070	2.8988
0.7293	0.5568	1.7125	0.5175	2.8857
0.7244	0.5585	1.6983	0.5160	2.9679
0.7282	0.5578	1.7055	0.5121	2.9078
0.7259	0.5569	1.6956	0.5173	2.9329
0.7246	0.5552	1.7021	0.5071	2.8949
0.7237	0.5540	1.7079	0.5120	2.8852
0.7226	0.5534	1.7072	0.5172	2.8946
0.7309	0.5602	1.7105	0.5155	2.9456
0.7336	0.5597	1.7226	0.5195	2.9367
0.7292	0.5583	1.7066	0.5140	2.9098
0.7312	0.5605	1.7155	0.5182	2.9530
0.7331	0.5628	1.7063	0.5201	2.9525
0.7228	0.5546	1.7044	0.5093	2.8507
0.7249	0.5544	1.7098	0.5123	2.8758
0.7330	0.5621	1.7084	0.5260	2.9742
0.7300	0.5581	1.7126	0.5093	2.9100
0.7300	0.5581	1.7047	0.5192	2.9664
