Metric: | MAE	| NMAE	| RMSE	| MRE	| NPRE	
Avg:	5.1402	0.4725	30.2173	0.4203	2.3292
Std:	0.1357	0.0118	1.6804	0.0073	0.0689

==========================================
Detailed results for 20 rounds:
5.1404	0.4700	32.8806	0.4163	2.2206
5.1393	0.4685	31.1938	0.4169	2.2481
5.1419	0.4708	30.6999	0.4105	2.3929
5.1876	0.4799	29.7708	0.4324	2.4271
5.3173	0.4886	31.1713	0.4320	2.3211
5.3356	0.4879	30.0404	0.4295	2.4629
5.4087	0.4920	32.2812	0.4307	2.3390
4.9945	0.4606	28.8879	0.4127	2.2818
5.3433	0.4868	34.8145	0.4260	2.3188
5.2114	0.4824	31.2529	0.4222	2.2852
5.0277	0.4609	28.7891	0.4110	2.2617
4.9333	0.4504	29.8048	0.4155	2.2833
5.0705	0.4703	29.1280	0.4158	2.2274
5.2643	0.4875	29.9673	0.4278	2.3202
5.0100	0.4609	28.3999	0.4230	2.3394
5.0077	0.4625	27.8823	0.4148	2.4131
4.9790	0.4560	28.9297	0.4178	2.3102
5.0315	0.4702	29.6942	0.4108	2.3483
5.0639	0.4706	28.1007	0.4246	2.4538
5.1964	0.4734	30.6563	0.4152	2.3290
