Metric: | MAE	| NMAE	| RMSE	| MRE	| NPRE	
Avg:	0.8934	0.7003	2.2238	0.5737	2.1709
Std:	0.0049	0.0033	0.0107	0.0045	0.0472

==========================================
Detailed results for 20 rounds:
0.8873	0.6961	2.2143	0.5687	2.1499
0.8878	0.6966	2.2173	0.5650	2.1089
0.9022	0.7062	2.2425	0.5773	2.1642
0.8891	0.6970	2.2209	0.5712	2.1363
0.8892	0.6974	2.2156	0.5700	2.1676
0.8817	0.6928	2.1990	0.5704	2.1767
0.8968	0.7014	2.2367	0.5751	2.1510
0.8922	0.7004	2.2326	0.5743	2.0610
0.8989	0.7038	2.2155	0.5809	2.2794
0.8979	0.7038	2.2402	0.5746	2.1696
0.8912	0.6973	2.2218	0.5651	2.1923
0.8984	0.7043	2.2233	0.5811	2.2645
0.8958	0.7016	2.2328	0.5728	2.1771
0.8947	0.7009	2.2218	0.5761	2.2187
0.8930	0.7003	2.2178	0.5745	2.1685
0.9003	0.7043	2.2422	0.5805	2.1589
0.8921	0.6989	2.2224	0.5729	2.1368
0.8960	0.7017	2.2213	0.5778	2.1469
0.8931	0.7011	2.2187	0.5756	2.2039
0.8913	0.6995	2.2183	0.5710	2.1865
