Metric: | MAE	| NMAE	| RMSE	| MRE	| NPRE	
Avg:	6.4498	0.5882	40.4688	0.5102	1.6397
Std:	0.0750	0.0072	0.7979	0.0083	0.0782

==========================================
Detailed results for 20 rounds:
6.4747	0.5901	40.9628	0.5088	1.6433
6.4530	0.5894	41.0947	0.5153	1.5435
6.5675	0.5984	38.8516	0.5185	1.6655
6.4853	0.5906	40.3867	0.5188	1.6638
6.4549	0.5853	41.9085	0.5008	1.5505
6.4223	0.5867	39.3576	0.5038	1.5641
6.4020	0.5831	40.3442	0.5121	1.6583
6.5330	0.5963	41.5387	0.5158	1.5861
6.4039	0.5831	41.7670	0.4945	1.7544
6.6569	0.6089	40.0801	0.5306	1.7520
6.4237	0.5864	40.0342	0.5067	1.6170
6.4447	0.5871	40.7366	0.5139	1.5158
6.4023	0.5841	39.1241	0.5071	1.6151
6.5303	0.5971	40.3489	0.5109	1.6001
6.4275	0.5860	39.6180	0.5134	1.6612
6.3621	0.5810	40.7131	0.4928	1.6082
6.3302	0.5765	40.8353	0.5076	1.5691
6.3567	0.5812	40.5398	0.5146	1.7053
6.4476	0.5882	40.8365	0.5118	1.6848
6.4181	0.5853	40.2971	0.5070	1.8356
