Metric: | MAE	| NMAE	| RMSE	| MRE	| NPRE	
Avg:	0.9220	0.7112	2.2675	0.5883	2.2709
Std:	0.0046	0.0030	0.0130	0.0032	0.0614

==========================================
Detailed results for 20 rounds:
0.9280	0.7146	2.2845	0.5931	2.2109
0.9242	0.7129	2.2540	0.5887	2.4072
0.9260	0.7128	2.2842	0.5927	2.2429
0.9234	0.7112	2.2760	0.5859	2.1852
0.9302	0.7169	2.2853	0.5936	2.2596
0.9222	0.7113	2.2732	0.5880	2.2274
0.9275	0.7142	2.2918	0.5916	2.1578
0.9175	0.7082	2.2574	0.5855	2.3156
0.9218	0.7121	2.2662	0.5902	2.2939
0.9246	0.7123	2.2763	0.5923	2.2301
0.9219	0.7113	2.2635	0.5875	2.3391
0.9185	0.7081	2.2560	0.5868	2.3059
0.9124	0.7045	2.2506	0.5831	2.2820
0.9191	0.7092	2.2652	0.5877	2.2073
0.9166	0.7075	2.2510	0.5824	2.2937
0.9135	0.7072	2.2449	0.5871	2.2321
0.9192	0.7096	2.2580	0.5836	2.3274
0.9259	0.7145	2.2711	0.5903	2.2841
0.9251	0.7137	2.2634	0.5873	2.3712
0.9220	0.7125	2.2764	0.5896	2.2452
