Metric: | MAE	| NMAE	| RMSE	| MRE	| NPRE	
Avg:	0.7375	0.5666	1.7106	0.5172	3.1023
Std:	0.0032	0.0021	0.0086	0.0042	0.0268

==========================================
Detailed results for 20 rounds:
0.7326	0.5634	1.7111	0.5060	3.0687
0.7364	0.5663	1.6977	0.5161	3.0994
0.7386	0.5669	1.7055	0.5143	3.1130
0.7377	0.5651	1.7078	0.5171	3.0687
0.7419	0.5709	1.7022	0.5236	3.1724
0.7380	0.5676	1.7107	0.5149	3.1018
0.7377	0.5681	1.7233	0.5142	3.1134
0.7303	0.5655	1.7015	0.5144	3.0722
0.7330	0.5641	1.7092	0.5181	3.0870
0.7367	0.5645	1.7240	0.5126	3.0678
0.7370	0.5674	1.7068	0.5243	3.1145
0.7428	0.5675	1.7319	0.5185	3.1136
0.7410	0.5701	1.7103	0.5235	3.1224
0.7411	0.5662	1.7183	0.5184	3.0953
0.7395	0.5700	1.7144	0.5182	3.1242
0.7344	0.5658	1.6970	0.5135	3.1366
0.7369	0.5637	1.7127	0.5166	3.0574
0.7351	0.5641	1.7028	0.5199	3.0996
0.7412	0.5679	1.7135	0.5209	3.0996
0.7391	0.5677	1.7109	0.5197	3.1184
