Metric: | MAE	| NMAE	| RMSE	| MRE	| NPRE	
Avg:	0.7735	0.5787	1.8492	0.5085	2.8592
Std:	0.0027	0.0021	0.0066	0.0046	0.0399

==========================================
Detailed results for 20 rounds:
0.7743	0.5812	1.8401	0.5114	2.9203
0.7729	0.5782	1.8440	0.5100	2.8562
0.7758	0.5790	1.8528	0.5107	2.8324
0.7800	0.5824	1.8607	0.5113	2.9095
0.7723	0.5781	1.8508	0.5061	2.8202
0.7699	0.5764	1.8333	0.5070	2.8587
0.7732	0.5789	1.8502	0.5047	2.8512
0.7729	0.5775	1.8473	0.5093	2.8647
0.7736	0.5794	1.8417	0.5154	2.8994
0.7767	0.5811	1.8501	0.5113	2.9226
0.7731	0.5778	1.8570	0.5044	2.8459
0.7709	0.5781	1.8424	0.5084	2.8733
0.7718	0.5765	1.8434	0.5026	2.8130
0.7690	0.5759	1.8501	0.4989	2.7892
0.7780	0.5820	1.8564	0.5128	2.8896
0.7736	0.5797	1.8484	0.5149	2.8675
0.7691	0.5741	1.8520	0.5015	2.7817
0.7751	0.5800	1.8542	0.5069	2.8899
0.7745	0.5806	1.8510	0.5160	2.8816
0.7738	0.5779	1.8583	0.5065	2.8178
