Metric: | MAE	| NMAE	| RMSE	| MRE	| NPRE	
Avg:	0.9210	0.6922	2.2623	0.5699	2.2377
Std:	0.0043	0.0027	0.0107	0.0044	0.0373

==========================================
Detailed results for 20 rounds:
0.9234	0.6935	2.2657	0.5739	2.2559
0.9276	0.6968	2.2762	0.5751	2.2801
0.9210	0.6921	2.2728	0.5687	2.2397
0.9149	0.6875	2.2461	0.5640	2.2330
0.9243	0.6942	2.2608	0.5740	2.2119
0.9236	0.6946	2.2674	0.5755	2.2423
0.9287	0.6965	2.2752	0.5755	2.2457
0.9180	0.6896	2.2569	0.5674	2.2051
0.9248	0.6944	2.2813	0.5651	2.1697
0.9211	0.6935	2.2639	0.5772	2.3293
0.9139	0.6879	2.2441	0.5687	2.2527
0.9157	0.6887	2.2470	0.5658	2.2721
0.9212	0.6909	2.2610	0.5665	2.2453
0.9213	0.6932	2.2583	0.5674	2.2130
0.9264	0.6950	2.2748	0.5713	2.2645
0.9172	0.6912	2.2499	0.5664	2.2640
0.9151	0.6880	2.2527	0.5641	2.1752
0.9187	0.6911	2.2619	0.5763	2.1921
0.9190	0.6918	2.2578	0.5651	2.2578
0.9237	0.6939	2.2727	0.5706	2.2057
