Metric: | MAE	| NMAE	| RMSE	| MRE	| NPRE	
Avg:	5.4251	0.4980	30.2334	0.4266	2.2993
Std:	0.0836	0.0087	1.0025	0.0062	0.0578

==========================================
Detailed results for 20 rounds:
5.3936	0.4905	31.1925	0.4158	2.2513
5.4615	0.5054	29.3881	0.4252	2.2906
5.2883	0.4850	29.4931	0.4249	2.2504
5.3304	0.4876	30.1229	0.4263	2.2953
5.3525	0.4873	29.0330	0.4273	2.2428
5.4320	0.4918	31.2240	0.4234	2.2487
5.5218	0.5052	30.2255	0.4369	2.3401
5.3967	0.5021	29.3453	0.4272	2.2877
5.4946	0.5064	30.3973	0.4295	2.2983
5.3329	0.4844	30.1764	0.4100	2.3348
5.3743	0.4967	30.1853	0.4252	2.4152
5.5378	0.5087	29.8821	0.4377	2.4346
5.3770	0.4953	29.1951	0.4286	2.1938
5.4179	0.4976	30.7207	0.4268	2.2797
5.3351	0.4890	29.2574	0.4302	2.2557
5.5206	0.5036	31.7380	0.4266	2.3099
5.5912	0.5134	31.5614	0.4287	2.3226
5.5249	0.5042	32.7978	0.4238	2.2439
5.3456	0.4964	29.6483	0.4236	2.3360
5.4731	0.5098	29.0829	0.4350	2.3543
