Metric: | MAE	| NMAE	| RMSE	| MRE	| NPRE	
Avg:	0.8173	0.6333	2.0097	0.5222	2.7730
Std:	0.0030	0.0020	0.0081	0.0043	0.0394

==========================================
Detailed results for 20 rounds:
0.8202	0.6356	2.0151	0.5266	2.7902
0.8161	0.6331	2.0071	0.5250	2.8040
0.8127	0.6306	2.0043	0.5183	2.8088
0.8132	0.6302	2.0108	0.5179	2.7139
0.8175	0.6335	2.0144	0.5212	2.7534
0.8142	0.6316	2.0062	0.5181	2.7905
0.8183	0.6330	2.0188	0.5169	2.7113
0.8195	0.6339	2.0190	0.5204	2.7683
0.8207	0.6366	2.0051	0.5328	2.8536
0.8166	0.6331	1.9990	0.5195	2.7615
0.8187	0.6350	2.0072	0.5229	2.7758
0.8197	0.6352	2.0145	0.5247	2.7906
0.8127	0.6303	1.9949	0.5199	2.7349
0.8180	0.6343	2.0070	0.5254	2.8300
0.8150	0.6308	2.0075	0.5189	2.7086
0.8173	0.6338	2.0037	0.5220	2.8045
0.8184	0.6328	2.0266	0.5163	2.7390
0.8241	0.6378	2.0228	0.5264	2.7574
0.8198	0.6340	2.0114	0.5290	2.7488
0.8132	0.6315	1.9980	0.5214	2.8143
