Metric: | MAE	| NMAE	| RMSE	| MRE	| NPRE	
Avg:	5.8112	0.5277	35.0858	0.4561	2.3283
Std:	0.0788	0.0076	2.3552	0.0079	0.0907

==========================================
Detailed results for 20 rounds:
6.0164	0.5474	37.4988	0.4643	2.4159
5.7823	0.5221	36.7425	0.4469	2.2195
5.7771	0.5262	33.2987	0.4568	2.3960
5.7203	0.5182	33.5080	0.4512	2.3588
5.9026	0.5351	40.3329	0.4672	2.3138
5.8292	0.5286	33.3698	0.4690	2.3328
5.6632	0.5152	32.1888	0.4406	2.2348
5.7872	0.5246	32.0184	0.4535	2.3856
5.7409	0.5217	34.1277	0.4540	2.2290
5.8906	0.5337	35.5775	0.4539	2.1318
5.9080	0.5378	34.0278	0.4564	2.3984
5.8406	0.5289	35.6162	0.4514	2.3037
5.7972	0.5259	38.8898	0.4493	2.3633
5.8233	0.5280	38.6571	0.4511	2.4821
5.8115	0.5298	37.0133	0.4520	2.3945
5.8132	0.5290	34.7062	0.4673	2.2981
5.8660	0.5359	32.7526	0.4579	2.3938
5.7932	0.5287	33.1923	0.4700	2.1504
5.7671	0.5212	35.4746	0.4610	2.3538
5.6948	0.5168	32.7224	0.4473	2.4101
