Metric: | MAE	| NMAE	| RMSE	| MRE	| NPRE	
Avg:	0.7202	0.5594	1.6865	0.5172	3.1229
Std:	0.0029	0.0023	0.0066	0.0055	0.0386

==========================================
Detailed results for 20 rounds:
0.7229	0.5636	1.6918	0.5145	3.1678
0.7190	0.5610	1.6789	0.5153	3.1336
0.7193	0.5587	1.6749	0.5198	3.1424
0.7221	0.5613	1.6905	0.5153	3.1086
0.7204	0.5597	1.6812	0.5287	3.1805
0.7232	0.5618	1.6880	0.5217	3.1744
0.7187	0.5589	1.6785	0.5152	3.0890
0.7235	0.5602	1.6957	0.5197	3.1322
0.7223	0.5584	1.6925	0.5205	3.1028
0.7245	0.5598	1.6863	0.5226	3.1923
0.7202	0.5591	1.6902	0.5123	3.0774
0.7211	0.5581	1.6976	0.5093	3.1270
0.7215	0.5626	1.6899	0.5247	3.1292
0.7233	0.5603	1.6978	0.5155	3.0969
0.7188	0.5591	1.6841	0.5207	3.1131
0.7132	0.5538	1.6837	0.5068	3.0699
0.7189	0.5591	1.6768	0.5194	3.1282
0.7200	0.5598	1.6814	0.5200	3.1485
0.7136	0.5538	1.6840	0.5077	3.0324
0.7178	0.5593	1.6858	0.5134	3.1122
