Metric: | MAE	| NMAE	| RMSE	| MRE	| NPRE	
Avg:	0.7541	0.5853	1.7794	0.5160	3.0099
Std:	0.0039	0.0027	0.0078	0.0064	0.0411

==========================================
Detailed results for 20 rounds:
0.7548	0.5868	1.7753	0.5202	3.0450
0.7619	0.5912	1.7866	0.5289	3.0645
0.7533	0.5855	1.7773	0.5172	3.0176
0.7513	0.5840	1.7786	0.5105	2.9736
0.7510	0.5836	1.7745	0.5142	3.0197
0.7542	0.5872	1.7693	0.5262	3.0533
0.7552	0.5854	1.7879	0.5105	3.0114
0.7534	0.5854	1.7766	0.5156	3.0203
0.7493	0.5800	1.7785	0.5040	2.8755
0.7496	0.5823	1.7737	0.5112	2.9991
0.7585	0.5879	1.7896	0.5149	2.9989
0.7532	0.5827	1.7854	0.5094	2.9713
0.7494	0.5837	1.7683	0.5120	3.0347
0.7530	0.5857	1.7714	0.5181	3.0363
0.7600	0.5897	1.7923	0.5196	3.0084
0.7583	0.5865	1.7946	0.5178	3.0115
0.7476	0.5811	1.7712	0.5085	2.9903
0.7600	0.5884	1.7873	0.5278	3.0325
0.7520	0.5835	1.7768	0.5138	2.9734
0.7550	0.5862	1.7723	0.5192	3.0617
