Metric: | MAE	| NMAE	| RMSE	| MRE	| NPRE	
Avg:	0.8155	0.6339	1.9866	0.5203	2.7824
Std:	0.0035	0.0025	0.0089	0.0040	0.0252

==========================================
Detailed results for 20 rounds:
0.8201	0.6382	1.9891	0.5301	2.7910
0.8192	0.6364	1.9977	0.5222	2.7795
0.8119	0.6315	1.9763	0.5187	2.8068
0.8135	0.6330	1.9853	0.5160	2.7765
0.8128	0.6317	1.9826	0.5203	2.7772
0.8171	0.6336	2.0048	0.5156	2.7272
0.8217	0.6387	1.9956	0.5248	2.8261
0.8158	0.6341	1.9826	0.5241	2.7981
0.8124	0.6318	1.9787	0.5191	2.7613
0.8172	0.6349	1.9892	0.5215	2.7985
0.8151	0.6325	1.9906	0.5174	2.7677
0.8136	0.6311	1.9892	0.5147	2.7639
0.8090	0.6311	1.9682	0.5151	2.7724
0.8125	0.6324	1.9787	0.5178	2.7723
0.8196	0.6377	1.9907	0.5252	2.8192
0.8197	0.6365	1.9901	0.5253	2.8301
0.8115	0.6313	1.9727	0.5202	2.7944
0.8192	0.6358	1.9977	0.5174	2.7503
0.8165	0.6346	1.9917	0.5216	2.7722
0.8114	0.6314	1.9806	0.5181	2.7639
