Metric: | MAE	| NMAE	| RMSE	| MRE	| NPRE	
Avg:	0.7418	0.5930	1.8020	0.5017	2.8066
Std:	0.0031	0.0025	0.0073	0.0059	0.0381

==========================================
Detailed results for 20 rounds:
0.7414	0.5927	1.8004	0.5036	2.7751
0.7398	0.5904	1.8061	0.4977	2.7851
0.7418	0.5926	1.8040	0.5023	2.8044
0.7465	0.5943	1.8182	0.4977	2.7761
0.7410	0.5927	1.7992	0.5055	2.8267
0.7402	0.5910	1.8071	0.4976	2.7916
0.7389	0.5927	1.7918	0.5078	2.8769
0.7403	0.5924	1.7984	0.4962	2.7967
0.7424	0.5938	1.7975	0.5038	2.8077
0.7476	0.5974	1.8135	0.5000	2.8447
0.7443	0.5945	1.8005	0.5079	2.7958
0.7395	0.5912	1.7999	0.5002	2.7918
0.7382	0.5904	1.7950	0.4970	2.7831
0.7389	0.5900	1.8120	0.4913	2.7177
0.7398	0.5920	1.7936	0.4964	2.8106
0.7405	0.5926	1.7945	0.4997	2.8165
0.7488	0.5984	1.8117	0.5111	2.8423
0.7398	0.5907	1.8036	0.5023	2.7895
0.7459	0.5984	1.7918	0.5173	2.9013
0.7396	0.5916	1.8007	0.4983	2.7992
