Metric: | MAE	| NMAE	| RMSE	| MRE	| NPRE	
Avg:	6.5550	0.5725	41.7205	0.4995	1.6695
Std:	0.1157	0.0104	0.6991	0.0100	0.0730

==========================================
Detailed results for 20 rounds:
6.7368	0.5888	41.4775	0.5199	1.8233
6.5307	0.5701	42.7686	0.4997	1.6419
6.4710	0.5639	41.9669	0.4878	1.6563
6.7170	0.5870	40.6463	0.5163	1.6685
6.6188	0.5785	40.9420	0.5027	1.6943
6.5052	0.5680	40.3433	0.4928	1.5519
6.5684	0.5711	43.2525	0.4986	1.7304
6.3238	0.5530	42.1027	0.4763	1.6169
6.6379	0.5790	42.6224	0.4920	1.6551
6.6306	0.5792	42.0972	0.5042	1.6475
6.4014	0.5574	41.6743	0.4984	1.6293
6.5038	0.5687	41.7782	0.5049	1.6438
6.5302	0.5716	41.5610	0.4996	1.6689
6.7584	0.5915	41.6009	0.5117	1.7346
6.3919	0.5582	41.4094	0.4913	1.7189
6.4144	0.5596	41.7151	0.4966	1.4905
6.5141	0.5712	40.7926	0.4878	1.7038
6.6007	0.5767	41.7641	0.5020	1.6159
6.6391	0.5815	41.5334	0.5097	1.7121
6.6059	0.5757	42.3626	0.4971	1.7858
