Metric: | MAE	| NMAE	| RMSE	| MRE	| NPRE	
Avg:	0.8108	0.6362	1.9998	0.5176	2.7924
Std:	0.0052	0.0034	0.0109	0.0052	0.0424

==========================================
Detailed results for 20 rounds:
0.8182	0.6417	2.0153	0.5229	2.8101
0.8165	0.6398	2.0166	0.5203	2.8407
0.8077	0.6340	1.9956	0.5199	2.7870
0.8034	0.6312	1.9841	0.5120	2.7269
0.8076	0.6341	1.9935	0.5160	2.7946
0.8039	0.6319	1.9913	0.5119	2.7264
0.8135	0.6373	1.9982	0.5212	2.7446
0.8179	0.6410	2.0031	0.5315	2.8382
0.8128	0.6370	2.0136	0.5155	2.7752
0.8103	0.6366	1.9886	0.5238	2.8494
0.8029	0.6309	2.0019	0.5072	2.7217
0.8126	0.6362	2.0095	0.5141	2.7592
0.8161	0.6397	2.0020	0.5188	2.8316
0.8199	0.6426	2.0144	0.5204	2.8170
0.8044	0.6316	1.9841	0.5130	2.7892
0.8114	0.6362	2.0129	0.5140	2.7548
0.8061	0.6338	1.9867	0.5187	2.8747
0.8066	0.6353	1.9852	0.5198	2.8030
0.8111	0.6368	1.9957	0.5167	2.8017
0.8124	0.6369	2.0032	0.5136	2.8020
