Metric: | MAE	| NMAE	| RMSE	| MRE	| NPRE	
Avg:	6.4750	0.5707	36.7172	0.4995	1.5542
Std:	0.1050	0.0092	1.0360	0.0077	0.0897

==========================================
Detailed results for 20 rounds:
6.4770	0.5697	36.9131	0.4929	1.5425
6.5134	0.5723	38.4181	0.4925	1.4642
6.4112	0.5646	37.3092	0.4996	1.5850
6.4125	0.5657	35.9308	0.5007	1.6637
6.2409	0.5495	35.9577	0.4905	1.4356
6.6859	0.5905	36.8228	0.5133	1.5426
6.3890	0.5650	34.8160	0.5011	1.4374
6.5418	0.5761	37.5854	0.4927	1.6913
6.4933	0.5730	36.5380	0.4989	1.5390
6.4354	0.5682	35.5812	0.5141	1.5497
6.4422	0.5710	36.7549	0.5014	1.5726
6.5609	0.5769	36.8642	0.5046	1.5792
6.4787	0.5726	35.3607	0.5024	1.6522
6.3953	0.5619	38.3243	0.4837	1.6279
6.6537	0.5847	38.5563	0.4994	1.6158
6.5453	0.5794	35.5033	0.5078	1.6737
6.4886	0.5720	35.9049	0.4957	1.6366
6.2816	0.5539	36.3460	0.4884	1.3902
6.5665	0.5774	37.1327	0.5023	1.4288
6.4878	0.5706	37.7236	0.5073	1.4566
