Metric: | MAE	| NMAE	| RMSE	| MRE	| NPRE	
Avg:	0.8704	0.7029	2.1911	0.5713	2.1587
Std:	0.0056	0.0039	0.0144	0.0063	0.0540

==========================================
Detailed results for 20 rounds:
0.8751	0.7041	2.2116	0.5773	2.0888
0.8725	0.7041	2.1980	0.5723	2.1836
0.8695	0.7017	2.1957	0.5723	2.0856
0.8805	0.7102	2.2130	0.5802	2.0592
0.8638	0.6984	2.1688	0.5706	2.2629
0.8710	0.7048	2.1880	0.5732	2.1593
0.8647	0.6997	2.1817	0.5633	2.1228
0.8652	0.7007	2.1692	0.5686	2.2206
0.8759	0.7078	2.1990	0.5736	2.2095
0.8668	0.7009	2.1798	0.5681	2.1080
0.8709	0.7031	2.1839	0.5690	2.1953
0.8613	0.6970	2.1760	0.5575	2.2588
0.8809	0.7108	2.2192	0.5771	2.1841
0.8654	0.6980	2.1748	0.5650	2.1904
0.8777	0.7071	2.2050	0.5856	2.1255
0.8664	0.7008	2.1779	0.5682	2.1643
0.8694	0.7019	2.1979	0.5692	2.1559
0.8677	0.6995	2.1964	0.5677	2.1205
0.8671	0.7005	2.1863	0.5671	2.1322
0.8759	0.7072	2.2009	0.5792	2.1470
