Metric: | MAE	| NMAE	| RMSE	| MRE	| NPRE	
Avg:	5.7753	0.5157	35.1100	0.4427	2.2221
Std:	0.1015	0.0087	3.0341	0.0095	0.0655

==========================================
Detailed results for 20 rounds:
5.7204	0.5115	32.7162	0.4542	2.3261
5.7898	0.5116	36.1607	0.4428	2.2423
5.9524	0.5323	39.6879	0.4524	2.1846
5.7821	0.5176	31.1431	0.4584	2.1590
5.7319	0.5116	38.2044	0.4482	2.2687
5.5432	0.4949	36.8127	0.4225	2.0525
5.6469	0.5101	30.0723	0.4345	2.2067
5.7590	0.5123	37.3490	0.4367	2.2576
5.8678	0.5268	32.3489	0.4544	2.2570
5.9551	0.5273	38.1018	0.4545	2.2522
5.7598	0.5154	32.1940	0.4422	2.2088
5.7754	0.5142	31.3349	0.4348	2.1893
5.8025	0.5191	34.1250	0.4363	2.3084
5.7089	0.5115	39.3550	0.4405	2.1696
5.9161	0.5278	31.4688	0.4484	2.2740
5.6717	0.5070	36.9731	0.4337	2.2102
5.7749	0.5167	32.5274	0.4489	2.3272
5.8938	0.5258	36.1406	0.4402	2.1614
5.7665	0.5148	37.0066	0.4428	2.1489
5.6872	0.5068	38.4783	0.4274	2.2375
