Metric: | MAE	| NMAE	| RMSE	| MRE	| NPRE	
Avg:	6.2654	0.5297	35.7162	0.4548	2.1425
Std:	0.0969	0.0086	1.2591	0.0065	0.0727

==========================================
Detailed results for 20 rounds:
6.3266	0.5350	36.7934	0.4572	2.2058
6.2776	0.5310	34.5678	0.4543	2.2240
6.1965	0.5227	37.0848	0.4402	1.9850
6.3571	0.5382	35.3745	0.4664	2.2013
6.3003	0.5325	36.6068	0.4520	2.1286
6.2578	0.5272	37.4165	0.4515	2.0622
6.1006	0.5153	35.6649	0.4499	2.0981
6.1856	0.5233	34.6312	0.4491	2.0545
6.3787	0.5410	35.5027	0.4605	2.1367
6.3717	0.5378	35.1826	0.4603	2.2682
6.3524	0.5370	37.3250	0.4585	2.1938
6.3238	0.5342	33.8107	0.4558	2.2036
6.1495	0.5213	32.8631	0.4561	2.0500
6.3438	0.5381	34.7672	0.4638	2.1469
6.3513	0.5364	37.4983	0.4620	2.1996
6.2457	0.5282	35.4368	0.4522	2.1977
6.0505	0.5128	35.2188	0.4515	2.1053
6.2092	0.5254	35.2453	0.4482	2.1131
6.3746	0.5411	35.8738	0.4620	2.2117
6.1546	0.5161	37.4587	0.4446	2.0639
