Metric: | MAE	| NMAE	| RMSE	| MRE	| NPRE	
Avg:	5.7986	0.4899	31.9544	0.4205	2.3662
Std:	0.1018	0.0088	1.0521	0.0066	0.0726

==========================================
Detailed results for 20 rounds:
5.8521	0.4942	32.8554	0.4314	2.4333
5.7644	0.4890	31.2208	0.4232	2.5203
5.5977	0.4713	32.2760	0.4026	2.2887
5.7266	0.4813	33.2053	0.4127	2.3061
5.7587	0.4880	31.8641	0.4234	2.3032
5.7656	0.4847	31.6078	0.4174	2.3185
5.9232	0.5009	31.5825	0.4247	2.3888
5.8381	0.4963	32.7993	0.4255	2.3170
5.7476	0.4850	31.0862	0.4147	2.4355
6.0067	0.5049	32.6122	0.4258	2.4368
5.7920	0.4891	32.5137	0.4267	2.3785
5.7518	0.4891	29.8578	0.4201	2.3597
5.6665	0.4788	30.3602	0.4148	2.3295
6.0186	0.5076	32.9437	0.4307	2.3518
5.8868	0.4976	32.8496	0.4173	2.5068
5.7818	0.4895	31.6369	0.4250	2.4568
5.6796	0.4802	30.8223	0.4160	2.3004
5.7761	0.4879	31.8376	0.4173	2.2861
5.8319	0.4971	30.8835	0.4192	2.3148
5.8064	0.4866	34.2741	0.4218	2.2918
