Metric: | MAE	| NMAE	| RMSE	| MRE	| NPRE	
Avg:	0.7336	0.5833	1.7512	0.5134	3.0619
Std:	0.0027	0.0025	0.0070	0.0050	0.0412

==========================================
Detailed results for 20 rounds:
0.7334	0.5829	1.7575	0.5099	3.0988
0.7370	0.5847	1.7614	0.5196	3.0687
0.7304	0.5798	1.7477	0.5078	3.0631
0.7354	0.5836	1.7527	0.5138	3.0125
0.7333	0.5854	1.7536	0.5104	3.1036
0.7359	0.5848	1.7605	0.5087	3.0835
0.7290	0.5780	1.7596	0.5033	2.9902
0.7357	0.5824	1.7599	0.5110	3.0739
0.7303	0.5792	1.7480	0.5108	3.0249
0.7357	0.5862	1.7519	0.5161	3.0838
0.7308	0.5816	1.7449	0.5124	3.0203
0.7353	0.5839	1.7509	0.5163	3.0674
0.7326	0.5833	1.7379	0.5188	3.1010
0.7332	0.5830	1.7583	0.5110	3.0210
0.7370	0.5868	1.7435	0.5204	3.1188
0.7370	0.5877	1.7491	0.5234	3.1214
0.7281	0.5801	1.7356	0.5110	2.9775
0.7365	0.5854	1.7523	0.5208	3.0820
0.7320	0.5823	1.7497	0.5091	3.0352
0.7340	0.5840	1.7487	0.5132	3.0901
