Metric: | MAE	| NMAE	| RMSE	| MRE	| NPRE	
Avg:	0.7367	0.5942	1.7898	0.5054	2.9756
Std:	0.0026	0.0020	0.0064	0.0047	0.0354

==========================================
Detailed results for 20 rounds:
0.7370	0.5955	1.7790	0.5158	3.0092
0.7363	0.5943	1.7901	0.5080	2.9518
0.7381	0.5948	1.7867	0.5039	2.9907
0.7355	0.5934	1.7900	0.5067	2.9642
0.7293	0.5872	1.7918	0.4913	2.8772
0.7372	0.5961	1.7853	0.5083	3.0233
0.7341	0.5929	1.7876	0.5061	2.9685
0.7370	0.5940	1.7834	0.5027	2.9704
0.7341	0.5938	1.7774	0.5101	3.0162
0.7377	0.5951	1.7868	0.5049	3.0029
0.7365	0.5957	1.7898	0.5042	2.9645
0.7383	0.5952	1.7904	0.5092	2.9581
0.7385	0.5950	1.8047	0.5023	2.9243
0.7362	0.5936	1.7962	0.5023	2.9822
0.7414	0.5970	1.8018	0.5085	2.9991
0.7395	0.5952	1.7903	0.5051	2.9422
0.7325	0.5927	1.7857	0.5055	3.0013
0.7399	0.5955	1.7919	0.5075	3.0221
0.7381	0.5949	1.7940	0.4987	2.9939
0.7370	0.5928	1.7936	0.5059	2.9498
