Metric: | MAE	| NMAE	| RMSE	| MRE	| NPRE	
Avg:	0.7158	0.5769	1.7174	0.5025	3.0392
Std:	0.0028	0.0023	0.0078	0.0046	0.0337

==========================================
Detailed results for 20 rounds:
0.7128	0.5755	1.7078	0.5065	3.0643
0.7177	0.5785	1.7268	0.5001	3.0396
0.7101	0.5727	1.7081	0.4928	2.9482
0.7182	0.5780	1.7280	0.5027	3.0225
0.7099	0.5721	1.7098	0.4989	3.0177
0.7169	0.5783	1.7120	0.5122	3.1026
0.7140	0.5769	1.7077	0.5067	3.0536
0.7159	0.5765	1.7091	0.5047	3.0507
0.7117	0.5757	1.7114	0.5006	3.0313
0.7203	0.5818	1.7191	0.5090	3.0953
0.7191	0.5806	1.7274	0.5042	3.0362
0.7150	0.5743	1.7193	0.4964	2.9922
0.7184	0.5790	1.7244	0.5044	3.0417
0.7166	0.5763	1.7269	0.5031	3.0344
0.7165	0.5759	1.7295	0.4943	2.9956
0.7156	0.5766	1.7079	0.5004	3.0477
0.7149	0.5776	1.7128	0.5046	3.0695
0.7169	0.5770	1.7175	0.5044	3.0476
0.7174	0.5782	1.7199	0.4997	3.0551
0.7181	0.5769	1.7230	0.5035	3.0378
