Metric: | MAE	| NMAE	| RMSE	| MRE	| NPRE	
Avg:	0.7286	0.5735	1.7414	0.5037	2.9470
Std:	0.0025	0.0019	0.0061	0.0047	0.0369

==========================================
Detailed results for 20 rounds:
0.7306	0.5751	1.7457	0.5048	2.9481
0.7277	0.5736	1.7407	0.5021	2.9184
0.7277	0.5722	1.7367	0.5019	2.9208
0.7289	0.5760	1.7364	0.5093	2.9800
0.7287	0.5745	1.7355	0.4989	2.9524
0.7319	0.5749	1.7474	0.5074	2.9925
0.7295	0.5751	1.7362	0.5102	3.0403
0.7308	0.5741	1.7489	0.5082	2.9244
0.7265	0.5724	1.7321	0.5065	2.9564
0.7302	0.5730	1.7475	0.4987	2.9345
0.7284	0.5721	1.7475	0.4975	2.9195
0.7252	0.5709	1.7365	0.5010	2.9668
0.7345	0.5779	1.7489	0.5092	2.9791
0.7245	0.5711	1.7368	0.4974	2.9028
0.7274	0.5733	1.7289	0.5091	2.9646
0.7319	0.5753	1.7503	0.5115	2.9705
0.7265	0.5738	1.7434	0.5023	2.9447
0.7287	0.5726	1.7468	0.5007	2.9523
0.7250	0.5712	1.7416	0.5006	2.9017
0.7266	0.5708	1.7398	0.4969	2.8698
