Metric: | MAE	| NMAE	| RMSE	| MRE	| NPRE	
Avg:	0.7838	0.6019	1.8709	0.5238	3.0611
Std:	0.0033	0.0028	0.0070	0.0053	0.0489

==========================================
Detailed results for 20 rounds:
0.7788	0.5983	1.8631	0.5212	3.0177
0.7894	0.6072	1.8725	0.5320	3.1323
0.7844	0.6012	1.8796	0.5202	3.0066
0.7824	0.6016	1.8652	0.5246	3.0518
0.7821	0.5989	1.8752	0.5169	2.9942
0.7886	0.6064	1.8698	0.5297	3.0986
0.7887	0.6056	1.8825	0.5282	3.0757
0.7840	0.6014	1.8720	0.5197	3.0923
0.7841	0.6020	1.8712	0.5251	3.0590
0.7792	0.6008	1.8632	0.5228	3.0272
0.7800	0.5979	1.8724	0.5135	3.0166
0.7853	0.6041	1.8554	0.5340	3.1899
0.7841	0.6027	1.8686	0.5268	3.0644
0.7839	0.6020	1.8746	0.5213	3.0584
0.7896	0.6059	1.8842	0.5281	3.1000
0.7832	0.6015	1.8671	0.5277	3.0749
0.7847	0.6024	1.8747	0.5255	3.0869
0.7827	0.5998	1.8725	0.5203	3.0270
0.7827	0.6018	1.8608	0.5232	3.0729
0.7784	0.5970	1.8742	0.5153	2.9757
