Metric: | MAE	| NMAE	| RMSE	| MRE	| NPRE	
Avg:	0.7594	0.5833	1.7859	0.5233	3.1292
Std:	0.0030	0.0021	0.0083	0.0052	0.0409

==========================================
Detailed results for 20 rounds:
0.7624	0.5858	1.7826	0.5277	3.1170
0.7615	0.5855	1.7791	0.5287	3.2162
0.7578	0.5807	1.7917	0.5147	3.0832
0.7595	0.5844	1.7773	0.5277	3.1669
0.7592	0.5825	1.7915	0.5141	3.0888
0.7614	0.5854	1.7878	0.5268	3.1455
0.7606	0.5837	1.7943	0.5252	3.1060
0.7635	0.5855	1.7944	0.5233	3.1395
0.7610	0.5828	1.7926	0.5239	3.1235
0.7522	0.5802	1.7802	0.5178	3.0808
0.7602	0.5824	1.7991	0.5168	3.0595
0.7563	0.5820	1.7670	0.5208	3.1741
0.7627	0.5876	1.7861	0.5327	3.1765
0.7560	0.5810	1.7869	0.5154	3.0942
0.7635	0.5852	1.7922	0.5262	3.1978
0.7570	0.5832	1.7750	0.5265	3.1439
0.7555	0.5812	1.7764	0.5248	3.1424
0.7620	0.5834	1.7978	0.5241	3.1011
0.7597	0.5834	1.7804	0.5284	3.1313
0.7559	0.5792	1.7861	0.5204	3.0959
