Metric: | MAE	| NMAE	| RMSE	| MRE	| NPRE	
Avg:	6.4022	0.4658	32.7974	0.4298	2.4315
Std:	0.1111	0.0086	1.1331	0.0055	0.0691

==========================================
Detailed results for 20 rounds:
6.6275	0.4770	33.6425	0.4337	2.4926
6.2915	0.4597	31.8368	0.4361	2.3730
6.4719	0.4712	33.4172	0.4247	2.3577
6.2869	0.4654	31.1810	0.4332	2.4294
6.3054	0.4603	34.0623	0.4276	2.3363
6.2250	0.4518	34.8724	0.4208	2.4310
6.4182	0.4609	32.8699	0.4325	2.4348
6.4194	0.4708	32.3347	0.4277	2.3844
6.4956	0.4723	31.5581	0.4273	2.3667
6.3910	0.4628	31.8864	0.4310	2.4771
6.4961	0.4741	31.4744	0.4348	2.4761
6.2977	0.4562	32.1491	0.4224	2.4346
6.4800	0.4704	35.0649	0.4276	2.4549
6.5097	0.4752	32.3714	0.4413	2.5597
6.4456	0.4674	32.7782	0.4376	2.4426
6.1948	0.4468	31.6508	0.4216	2.4217
6.3011	0.4560	33.1940	0.4309	2.3824
6.5516	0.4790	34.1366	0.4276	2.3295
6.4016	0.4724	31.7890	0.4337	2.6142
6.4329	0.4655	33.6788	0.4232	2.4312
