Metric: | MAE	| NMAE	| RMSE	| MRE	| NPRE	
Avg:	0.7612	0.5861	1.8392	0.5088	2.9205
Std:	0.0038	0.0027	0.0089	0.0048	0.0420

==========================================
Detailed results for 20 rounds:
0.7588	0.5842	1.8433	0.5029	2.8765
0.7544	0.5832	1.8150	0.5083	2.9217
0.7605	0.5858	1.8352	0.5049	2.9371
0.7627	0.5887	1.8343	0.5186	3.0148
0.7661	0.5890	1.8458	0.5123	2.9191
0.7579	0.5830	1.8358	0.5040	2.9227
0.7641	0.5868	1.8501	0.5098	2.9037
0.7584	0.5852	1.8285	0.5124	2.9275
0.7664	0.5903	1.8380	0.5131	2.9720
0.7650	0.5896	1.8389	0.5139	2.9620
0.7651	0.5886	1.8447	0.5101	2.9348
0.7529	0.5811	1.8270	0.5005	2.8886
0.7658	0.5896	1.8408	0.5141	2.9472
0.7584	0.5832	1.8412	0.5062	2.8193
0.7655	0.5895	1.8508	0.5118	2.9654
0.7579	0.5830	1.8443	0.4994	2.8547
0.7601	0.5858	1.8292	0.5087	2.9090
0.7604	0.5845	1.8475	0.5069	2.9114
0.7622	0.5870	1.8442	0.5121	2.9270
0.7615	0.5849	1.8498	0.5066	2.8949
