Metric: | MAE	| NMAE	| RMSE	| MRE	| NPRE	
Avg:	0.7365	0.5669	1.7537	0.5115	2.9858
Std:	0.0034	0.0024	0.0082	0.0049	0.0489

==========================================
Detailed results for 20 rounds:
0.7296	0.5620	1.7379	0.5055	2.9455
0.7306	0.5645	1.7354	0.5131	2.9763
0.7349	0.5644	1.7581	0.5027	2.9304
0.7385	0.5699	1.7465	0.5200	3.0885
0.7373	0.5675	1.7485	0.5131	2.9657
0.7386	0.5674	1.7540	0.5123	3.0509
0.7440	0.5704	1.7628	0.5202	3.0666
0.7351	0.5665	1.7478	0.5113	2.9788
0.7364	0.5671	1.7523	0.5153	3.0064
0.7375	0.5682	1.7575	0.5093	2.9923
0.7428	0.5706	1.7695	0.5137	2.9814
0.7357	0.5694	1.7496	0.5155	3.0297
0.7361	0.5666	1.7521	0.5102	2.9768
0.7353	0.5645	1.7590	0.5082	2.9222
0.7391	0.5680	1.7572	0.5161	2.9854
0.7361	0.5664	1.7570	0.5086	2.9622
0.7379	0.5689	1.7470	0.5112	3.0187
0.7317	0.5618	1.7623	0.5004	2.8778
0.7371	0.5669	1.7614	0.5110	2.9548
0.7368	0.5663	1.7583	0.5130	3.0063
