Metric: | MAE	| NMAE	| RMSE	| MRE	| NPRE	
Avg:	6.7506	0.4834	36.2804	0.4300	2.3130
Std:	0.1196	0.0089	2.5818	0.0073	0.0846

==========================================
Detailed results for 20 rounds:
6.8714	0.4900	39.5637	0.4431	2.2837
6.8440	0.4851	40.0717	0.4297	2.2311
6.7329	0.4853	33.1424	0.4364	2.4805
6.8378	0.4872	35.5630	0.4291	2.3817
6.7891	0.4888	36.8843	0.4307	2.3167
6.6087	0.4700	35.0442	0.4247	2.3058
6.8315	0.4908	36.2561	0.4260	2.3098
6.5733	0.4726	34.9338	0.4278	2.2357
6.7793	0.4892	33.5140	0.4351	2.4555
6.6286	0.4744	37.2071	0.4263	2.3501
6.9158	0.4949	35.6763	0.4396	2.2081
6.8465	0.4878	40.2096	0.4346	2.3253
6.5781	0.4632	40.2397	0.4109	2.1969
6.6489	0.4787	33.6811	0.4218	2.2921
6.7419	0.4874	32.9050	0.4335	2.2717
6.9763	0.4988	41.4230	0.4364	2.3964
6.5239	0.4700	34.0351	0.4178	2.2401
6.7726	0.4839	35.0486	0.4307	2.2035
6.7454	0.4825	34.8043	0.4308	2.4677
6.7665	0.4884	35.4054	0.4346	2.3077
