Metric: | MAE	| NMAE	| RMSE	| MRE	| NPRE	
Avg:	6.8300	0.4910	34.0844	0.4449	2.0624
Std:	0.0999	0.0072	0.6974	0.0063	0.0669

==========================================
Detailed results for 20 rounds:
6.8243	0.4899	34.6465	0.4443	2.0429
6.9869	0.5036	33.5232	0.4553	2.0337
6.7027	0.4837	32.7084	0.4528	2.0356
6.6657	0.4773	33.4075	0.4334	1.9887
6.8365	0.4908	34.3296	0.4465	2.0745
6.8289	0.4903	33.8006	0.4417	2.0256
6.7881	0.4859	33.6025	0.4466	2.0411
6.8153	0.4904	33.9867	0.4426	2.0219
7.0500	0.5064	35.0076	0.4544	2.1139
6.8306	0.4907	33.8205	0.4492	2.0996
6.8418	0.4913	35.4156	0.4430	2.1238
6.8191	0.4912	33.6121	0.4456	2.0288
6.9855	0.5025	33.1119	0.4473	2.2055
6.7931	0.4876	35.1122	0.4383	2.1266
6.7897	0.4884	34.4865	0.4530	2.1776
6.9875	0.5008	34.3584	0.4468	1.9673
6.8347	0.4914	33.4885	0.4442	2.0972
6.6895	0.4810	34.8297	0.4319	2.0379
6.7411	0.4863	33.8614	0.4442	1.9200
6.7892	0.4897	34.5796	0.4364	2.0863
