Metrics: MAE	| NMAE	| RMSE	| MRE	| NPRE
======================================================
UMEAN
Avg:	53.8982	1.1348	110.3420	2.2944	17.8594	
Std:	0.2180	0.0050	0.2280	0.0276	0.1650	
======================================================
IMEAN
Avg:	27.5041	0.5791	66.6937	0.5285	3.2199	
Std:	0.1013	0.0021	0.2626	0.0017	0.0338	
======================================================
UPCC
Avg:	28.6247	0.6027	62.9163	0.7182	8.4910	
Std:	0.2046	0.0044	0.2795	0.0112	0.1785	
======================================================
IPCC
Avg:	27.9834	0.5892	64.7252	0.6069	4.7748	
Std:	0.1511	0.0033	0.2666	0.0032	0.0543	
======================================================
UIPCC
Avg:	27.7924	0.5851	62.5497	0.6955	7.8335	
Std:	0.1823	0.0039	0.2759	0.0104	0.1478	
======================================================

Detailed results for 50 rounds:
======================================================
UMEAN
======================================================
54.0255	1.1363	110.4448	2.3037	17.8576	
54.1987	1.1413	110.4051	2.3210	18.0611	
53.9350	1.1313	110.8026	2.2679	17.8699	
54.1170	1.1405	110.1771	2.3296	17.9999	
53.7934	1.1307	110.5145	2.2736	17.8084	
53.8933	1.1366	110.2100	2.3052	17.9273	
53.5456	1.1294	110.0794	2.2646	17.6857	
53.5919	1.1291	110.2263	2.2597	17.6693	
54.0249	1.1397	110.2114	2.3160	18.1063	
53.9887	1.1380	110.1862	2.3179	17.9647	
53.9382	1.1355	110.4426	2.2931	17.9317	
53.7486	1.1283	110.5061	2.2614	17.7238	
53.7728	1.1342	110.1878	2.2966	17.6781	
54.2684	1.1445	110.0956	2.3532	18.1376	
53.7346	1.1325	110.2513	2.2633	17.7756	
53.7671	1.1340	110.0431	2.2805	17.8382	
53.9299	1.1364	110.3213	2.2980	18.0330	
54.2950	1.1402	110.7025	2.3119	17.8650	
54.1413	1.1407	110.2259	2.3227	18.0595	
53.8164	1.1347	110.2065	2.2937	17.6740	
54.0844	1.1390	110.2783	2.3277	18.1366	
53.9081	1.1335	110.6784	2.2956	18.0632	
53.9028	1.1349	110.3497	2.2918	17.8065	
53.8400	1.1354	110.0737	2.2884	17.9063	
53.8420	1.1322	110.4441	2.2776	17.8751	
54.1145	1.1395	110.4390	2.3168	17.7369	
53.8877	1.1315	110.7765	2.2811	17.8211	
53.7440	1.1308	110.4138	2.2780	17.7587	
53.5599	1.1269	110.3856	2.2479	17.5934	
54.1745	1.1384	110.7504	2.3115	17.8415	
53.7076	1.1294	110.5520	2.2796	17.8582	
53.8021	1.1318	110.5123	2.2955	17.8176	
53.5460	1.1271	110.3767	2.2518	17.6380	
54.2954	1.1453	109.9068	2.3561	18.2717	
54.1631	1.1385	110.3652	2.3201	17.6526	
53.6586	1.1330	109.7883	2.2794	17.8532	
53.7909	1.1292	110.5390	2.2775	17.6891	
53.5273	1.1273	110.2072	2.2565	17.5679	
54.1574	1.1401	110.2053	2.3245	17.9468	
54.0487	1.1410	110.0945	2.3189	17.9819	
53.6976	1.1318	110.1327	2.2706	17.7605	
53.8598	1.1355	110.2694	2.2872	17.8466	
54.1436	1.1417	110.1509	2.3465	18.1514	
53.7894	1.1280	110.8368	2.2705	17.7937	
53.7264	1.1302	110.5803	2.2647	17.6785	
54.2395	1.1434	110.1864	2.3388	18.0773	
53.4691	1.1264	110.2690	2.2472	17.5670	
53.9177	1.1330	110.6421	2.2949	17.8170	
53.6918	1.1310	110.2699	2.2722	17.8039	
54.0926	1.1382	110.3875	2.3192	17.9914	


IMEAN
======================================================
27.5574	0.5796	66.8565	0.5310	3.2024	
27.6196	0.5816	66.7452	0.5310	3.2613	
27.5026	0.5769	67.2085	0.5238	3.1328	
27.3433	0.5763	66.7533	0.5278	3.1978	
27.6085	0.5803	66.8935	0.5298	3.2167	
27.4563	0.5790	66.4413	0.5298	3.2582	
27.4076	0.5781	66.4405	0.5289	3.2219	
27.4834	0.5790	66.8557	0.5304	3.2386	
27.5390	0.5810	66.3566	0.5317	3.2621	
27.5181	0.5801	67.1264	0.5273	3.1691	
27.5675	0.5804	66.9589	0.5289	3.2401	
27.6111	0.5796	66.7778	0.5280	3.2452	
27.3281	0.5764	66.5760	0.5287	3.1532	
27.5439	0.5809	66.7553	0.5294	3.2235	
27.4383	0.5783	66.7977	0.5281	3.2069	
27.4633	0.5792	66.5785	0.5278	3.2077	
27.6232	0.5821	67.0743	0.5279	3.2780	
27.7798	0.5834	67.4782	0.5306	3.2082	
27.4109	0.5775	66.3119	0.5264	3.2459	
27.3184	0.5760	66.3178	0.5265	3.1757	
27.5400	0.5800	66.5796	0.5259	3.2128	
27.5687	0.5797	66.9868	0.5283	3.2657	
27.6184	0.5815	66.7290	0.5282	3.2622	
27.5014	0.5799	66.4641	0.5291	3.2394	
27.4061	0.5763	66.5584	0.5292	3.1892	
27.4482	0.5780	66.2963	0.5278	3.2762	
27.3295	0.5738	66.5072	0.5262	3.1628	
27.6438	0.5816	66.9916	0.5299	3.2492	
27.5377	0.5794	67.0331	0.5268	3.2050	
27.5974	0.5799	66.8976	0.5318	3.2753	
27.4209	0.5766	66.4755	0.5292	3.2162	
27.2939	0.5742	66.4510	0.5260	3.1936	
27.4763	0.5783	66.6143	0.5278	3.2571	
27.5432	0.5810	66.5801	0.5303	3.2498	
27.4846	0.5777	66.6495	0.5272	3.2492	
27.3954	0.5785	66.5384	0.5281	3.2093	
27.4989	0.5773	66.6348	0.5267	3.1772	
27.5359	0.5799	66.6268	0.5286	3.2115	
27.3915	0.5766	66.2905	0.5278	3.2005	
27.4812	0.5801	66.6746	0.5297	3.1978	
27.4476	0.5785	66.2819	0.5290	3.1796	
27.5527	0.5809	66.6271	0.5292	3.2448	
27.5978	0.5819	66.5705	0.5296	3.2403	
27.5693	0.5781	66.9987	0.5276	3.1983	
27.5330	0.5792	67.0334	0.5263	3.2038	
27.5920	0.5817	66.6029	0.5266	3.2118	
27.3575	0.5763	66.4971	0.5263	3.1754	
27.6710	0.5814	66.9914	0.5280	3.2157	
27.4491	0.5782	66.5495	0.5318	3.2400	
27.5997	0.5808	66.6491	0.5312	3.2423	


UPCC
======================================================
28.7421	0.6045	62.8274	0.7240	8.6233	
28.8208	0.6069	62.8168	0.7285	8.7983	
28.6490	0.6009	63.4983	0.7079	8.4060	
28.3817	0.5982	63.0753	0.7062	8.3574	
28.6433	0.6021	63.1973	0.7105	8.4671	
28.4808	0.6006	62.6739	0.7115	8.4309	
28.3415	0.5978	62.6586	0.7022	8.3668	
28.6036	0.6026	63.2099	0.7211	8.4878	
28.6624	0.6047	62.5420	0.7225	8.6622	
28.8187	0.6075	63.5887	0.7035	8.7053	
29.0229	0.6110	63.1933	0.7269	8.9150	
28.5586	0.5995	63.0216	0.7189	8.3709	
28.4777	0.6007	63.0244	0.7026	8.4381	
28.5864	0.6029	62.8499	0.7140	8.5769	
28.4737	0.6001	62.8055	0.7320	8.1519	
28.3781	0.5985	62.6975	0.7158	8.2794	
28.9087	0.6092	63.3819	0.7263	8.6001	
29.0838	0.6107	63.5005	0.7444	8.7723	
28.6531	0.6037	62.5566	0.7246	8.6052	
28.2087	0.5948	62.4915	0.7046	8.0527	
28.7527	0.6055	62.6452	0.7276	8.5690	
28.8327	0.6062	63.2930	0.7244	8.5524	
28.7556	0.6055	63.0629	0.7077	8.4492	
28.7300	0.6059	62.6664	0.7334	8.5876	
28.3496	0.5962	62.7964	0.7009	8.3364	
28.5783	0.6018	62.5010	0.7230	8.5229	
28.3050	0.5943	62.8656	0.7079	8.4556	
28.5458	0.6006	63.1036	0.7072	8.4129	
28.8999	0.6080	63.3782	0.7298	8.6835	
28.9946	0.6093	63.2419	0.7336	8.5521	
28.6549	0.6026	62.7589	0.7210	8.5739	
28.3141	0.5956	62.7020	0.7013	8.6184	
28.3530	0.5968	62.7773	0.7180	8.2597	
28.6356	0.6040	62.7446	0.7245	8.6658	
28.7009	0.6033	63.0510	0.7112	8.4215	
28.5535	0.6029	62.7465	0.7129	8.3283	
28.3082	0.5942	62.8849	0.6986	8.1384	
28.5310	0.6008	62.8181	0.7121	8.3488	
28.8036	0.6064	62.4776	0.7375	8.7260	
28.6611	0.6050	62.9189	0.7345	8.2485	
28.6610	0.6041	62.6152	0.7184	8.5183	
28.9509	0.6104	62.9966	0.7386	8.6253	
28.5258	0.6015	62.7522	0.7170	8.4577	
28.4786	0.5972	63.0906	0.7084	8.4073	
28.6608	0.6029	63.1515	0.7030	8.4392	
28.8810	0.6089	62.6743	0.7224	8.6982	
28.3860	0.5980	62.7789	0.7166	8.3065	
28.7862	0.6049	63.1698	0.7298	8.5097	
28.5835	0.6021	62.8128	0.7195	8.7574	
28.5676	0.6011	62.7270	0.7215	8.3143	


IPCC
======================================================
28.0242	0.5894	64.8379	0.6066	4.7736	
28.1607	0.5930	64.7308	0.6095	4.8549	
27.8722	0.5846	65.2270	0.5987	4.6729	
27.6786	0.5833	64.6606	0.6034	4.7308	
27.9472	0.5874	64.8722	0.6038	4.7245	
27.9066	0.5885	64.4504	0.6063	4.8241	
27.8702	0.5879	64.5223	0.6051	4.7657	
27.9601	0.5891	64.9725	0.6066	4.7589	
28.1454	0.5938	64.4726	0.6142	4.8919	
28.0586	0.5914	65.2182	0.6083	4.7824	
28.1694	0.5930	65.0490	0.6057	4.8336	
27.9796	0.5873	64.6936	0.6078	4.7877	
27.7843	0.5860	64.6429	0.6059	4.6785	
28.2611	0.5960	64.8288	0.6140	4.8777	
27.9098	0.5882	64.7887	0.6067	4.7614	
27.8173	0.5867	64.5202	0.6046	4.7111	
28.1184	0.5925	65.0719	0.6078	4.8446	
28.2913	0.5941	65.5033	0.6090	4.8008	
27.9865	0.5897	64.4487	0.6082	4.8086	
27.8118	0.5864	64.3614	0.6067	4.7380	
28.0918	0.5916	64.6129	0.6074	4.7994	
27.9880	0.5885	64.9844	0.6059	4.7682	
28.0391	0.5904	64.7135	0.6063	4.7815	
28.0254	0.5910	64.5567	0.6099	4.8671	
27.7872	0.5843	64.4968	0.6024	4.7187	
28.0565	0.5908	64.3801	0.6121	4.8419	
27.7021	0.5817	64.4521	0.6037	4.6699	
28.0183	0.5895	64.9724	0.6071	4.7890	
28.0402	0.5899	65.0623	0.6077	4.7722	
28.1470	0.5915	64.9795	0.6100	4.8149	
28.0511	0.5899	64.6615	0.6102	4.7848	
27.6494	0.5817	64.4459	0.5998	4.7168	
27.9293	0.5879	64.7383	0.6053	4.7540	
27.9748	0.5901	64.4630	0.6076	4.8139	
27.9833	0.5882	64.6488	0.6082	4.8026	
27.8849	0.5888	64.5408	0.6080	4.7861	
27.9295	0.5863	64.6064	0.6059	4.7073	
27.9465	0.5885	64.7171	0.6031	4.7024	
27.9113	0.5876	64.2883	0.6087	4.7462	
28.0275	0.5917	64.7977	0.6082	4.7583	
27.9213	0.5885	64.2996	0.6089	4.7802	
28.1823	0.5942	64.8663	0.6099	4.7913	
28.2382	0.5954	64.7076	0.6119	4.8583	
27.9262	0.5856	64.9831	0.6007	4.6922	
28.0942	0.5910	65.1317	0.6056	4.7996	
28.1088	0.5926	64.6131	0.6055	4.7988	
27.7071	0.5837	64.4399	0.6016	4.6881	
28.1517	0.5915	65.0462	0.6049	4.7397	
27.7698	0.5849	64.5107	0.6069	4.7516	
28.1356	0.5920	64.6703	0.6115	4.8250	


UIPCC
======================================================
27.8942	0.5867	62.4898	0.7002	7.9600	
27.9669	0.5889	62.4366	0.7044	8.0996	
27.7887	0.5829	63.1246	0.6843	7.7588	
27.5417	0.5805	62.6990	0.6842	7.7175	
27.7994	0.5843	62.8162	0.6867	7.7752	
27.6594	0.5833	62.3113	0.6881	7.8249	
27.5495	0.5811	62.3087	0.6820	7.7611	
27.7827	0.5853	62.8497	0.6977	7.8003	
27.8520	0.5876	62.1727	0.7013	8.0010	
27.9539	0.5892	63.1935	0.6818	8.0250	
28.1440	0.5925	62.8094	0.7005	8.1907	
27.7564	0.5827	62.6501	0.6974	7.7332	
27.6384	0.5830	62.6353	0.6802	7.7657	
27.7916	0.5861	62.4624	0.6932	7.9439	
27.6778	0.5833	62.5044	0.7103	7.5437	
27.5766	0.5816	62.3640	0.6928	7.6447	
28.0414	0.5909	62.9850	0.7025	7.9417	
28.2184	0.5926	63.1541	0.7197	8.0477	
27.8038	0.5858	62.1918	0.7024	7.9391	
27.4156	0.5780	62.1377	0.6878	7.4696	
27.9096	0.5878	62.2851	0.7045	7.8873	
27.9661	0.5880	62.9234	0.7005	7.8773	
27.9061	0.5876	62.6699	0.6851	7.7962	
27.8744	0.5878	62.2923	0.7095	7.9330	
27.5384	0.5791	62.4204	0.6775	7.7103	
27.7604	0.5846	62.1168	0.7024	7.8583	
27.4953	0.5773	62.4789	0.6869	7.7853	
27.7511	0.5839	62.7786	0.6844	7.7780	
28.0312	0.5898	62.9992	0.7060	7.9564	
28.1140	0.5908	62.8419	0.7088	7.8972	
27.8396	0.5854	62.4051	0.6988	7.9008	
27.4794	0.5781	62.3422	0.6789	7.9149	
27.5912	0.5808	62.4663	0.6980	7.6353	
27.7767	0.5859	62.3378	0.7012	7.9476	
27.8513	0.5854	62.6491	0.6888	7.7930	
27.7002	0.5849	62.3823	0.6893	7.7175	
27.5452	0.5782	62.5279	0.6791	7.5475	
27.7285	0.5839	62.4950	0.6896	7.7077	
27.9155	0.5877	62.0975	0.7122	8.0084	
27.8357	0.5876	62.5647	0.7102	7.6302	
27.8215	0.5864	62.2226	0.6956	7.8652	
28.0936	0.5923	62.6256	0.7142	7.9398	
27.7338	0.5848	62.3716	0.6950	7.8441	
27.6642	0.5801	62.7553	0.6855	7.7556	
27.8312	0.5855	62.7958	0.6817	7.8006	
28.0055	0.5904	62.2986	0.6985	7.9927	
27.5529	0.5804	62.4179	0.6928	7.6725	
27.9471	0.5872	62.7867	0.7057	7.8356	
27.7339	0.5842	62.4574	0.6936	8.0423	
27.7756	0.5845	62.3828	0.7013	7.7019	


