Metric: | MAE	| NMAE	| RMSE	| MRE	| NPRE	
Avg:	15.2744	1.3438	54.0073	3.9585	27.9925
Std:	0.0236	0.0024	0.0489	0.0100	0.0853

==========================================
Detailed results for 20 rounds:
15.2351	1.3405	53.9593	3.9371	27.9038
15.2393	1.3405	54.0210	3.9383	27.8853
15.2869	1.3449	53.9827	3.9632	27.9570
15.3180	1.3479	53.9012	3.9777	28.1740
15.2860	1.3447	54.0361	3.9632	28.0291
15.2952	1.3456	53.9825	3.9668	28.0371
15.2432	1.3410	54.0800	3.9585	27.8982
15.2862	1.3452	54.0251	3.9617	27.9990
15.2335	1.3391	54.0808	3.9513	27.8154
15.2980	1.3461	54.0073	3.9707	28.0916
15.3016	1.3470	53.8994	3.9686	28.1375
15.2727	1.3438	54.0003	3.9547	27.9566
15.2595	1.3420	54.0283	3.9542	28.0731
15.2815	1.3449	54.0179	3.9638	27.9948
15.2676	1.3428	54.0198	3.9521	27.9831
15.2893	1.3455	53.9645	3.9549	27.9345
15.2926	1.3458	54.0369	3.9639	27.9933
15.2683	1.3436	54.0341	3.9525	27.9667
15.2838	1.3445	53.9922	3.9678	28.0595
15.2489	1.3410	54.0771	3.9494	27.9598
