Metric: | MAE	| NMAE	| RMSE	| MRE	| NPRE	
Avg:	15.8976	0.3343	47.8333	0.2687	1.4145
Std:	0.1026	0.0021	0.3362	0.0022	0.0227

==========================================
Detailed results for 50 rounds:
15.7669	0.3310	47.3131	0.2670	1.3772
15.8162	0.3327	47.4762	0.2681	1.4191
15.8848	0.3332	48.0654	0.2650	1.3988
15.8249	0.3331	47.4832	0.2678	1.4150
16.1164	0.3385	48.7434	0.2726	1.4329
15.8130	0.3330	47.5350	0.2676	1.4221
15.8084	0.3331	47.5452	0.2680	1.4374
16.0701	0.3382	48.1160	0.2735	1.4281
15.9435	0.3360	47.8607	0.2692	1.4400
15.9976	0.3368	47.7339	0.2738	1.4466
15.7283	0.3304	47.4190	0.2673	1.4033
15.8764	0.3327	47.7655	0.2673	1.3873
15.8230	0.3335	47.7255	0.2691	1.4007
15.9177	0.3348	48.0503	0.2701	1.4122
15.9380	0.3353	48.3338	0.2688	1.4029
15.8672	0.3338	47.8885	0.2665	1.4104
16.0214	0.3369	48.0949	0.2705	1.4454
15.8379	0.3322	47.9692	0.2666	1.3922
15.9035	0.3348	47.4551	0.2698	1.4347
15.7426	0.3314	47.6337	0.2665	1.3846
15.7203	0.3309	47.4550	0.2652	1.4016
15.9359	0.3350	47.9917	0.2690	1.4450
15.7919	0.3323	47.2606	0.2690	1.4002
15.8026	0.3326	47.8467	0.2657	1.4039
15.7502	0.3312	47.7023	0.2644	1.3992
15.9421	0.3352	48.0169	0.2688	1.3899
15.9193	0.3339	48.3213	0.2672	1.3935
16.0203	0.3368	47.9880	0.2715	1.4397
15.9450	0.3347	48.2698	0.2688	1.3915
15.9487	0.3347	48.1635	0.2679	1.4138
15.8578	0.3332	47.7362	0.2693	1.4024
16.0392	0.3371	48.0853	0.2735	1.4271
15.8255	0.3327	47.6363	0.2684	1.4017
15.9235	0.3352	47.8153	0.2693	1.4525
16.0333	0.3366	47.7983	0.2692	1.4511
15.8631	0.3344	47.6822	0.2679	1.4201
15.8299	0.3323	47.9519	0.2663	1.3715
15.8312	0.3331	47.8414	0.2672	1.3976
15.9350	0.3351	47.5968	0.2684	1.4336
15.8581	0.3343	47.6551	0.2687	1.4147
15.8488	0.3334	47.5116	0.2697	1.4378
15.8458	0.3338	47.2747	0.2708	1.4208
16.0812	0.3385	47.8321	0.2744	1.4661
16.1578	0.3383	48.7563	0.2709	1.4229
15.9792	0.3359	48.1137	0.2685	1.3931
15.8364	0.3332	47.5440	0.2676	1.4123
15.8977	0.3345	47.9340	0.2675	1.4052
15.8178	0.3323	47.3861	0.2684	1.3629
15.8686	0.3342	47.9959	0.2688	1.4137
16.0750	0.3376	48.2960	0.2694	1.4487
