Metric: | MAE	| NMAE	| RMSE	| MRE	| NPRE	
Avg:	13.3767	0.2812	40.2902	0.2331	1.3218
Std:	0.0514	0.0012	0.1262	0.0021	0.0185

==========================================
Detailed results for 20 rounds:
13.3359	0.2804	40.2465	0.2318	1.3106
13.3622	0.2806	40.5255	0.2311	1.3239
13.3310	0.2805	40.3999	0.2313	1.3091
13.3702	0.2814	40.3154	0.2345	1.3296
13.3878	0.2816	40.0626	0.2349	1.3362
13.4435	0.2824	40.3995	0.2347	1.3256
13.3663	0.2812	40.2572	0.2346	1.3249
13.4749	0.2833	40.4085	0.2357	1.3316
13.3771	0.2811	40.1366	0.2324	1.3271
13.4260	0.2825	40.3656	0.2332	1.3151
13.4169	0.2824	40.1133	0.2347	1.3501
13.4241	0.2824	40.4896	0.2337	1.3395
13.3414	0.2805	40.1073	0.2311	1.3152
13.3444	0.2801	40.4109	0.2329	1.2964
13.2883	0.2793	40.2691	0.2310	1.2877
13.4641	0.2833	40.2503	0.2386	1.3676
13.3790	0.2816	40.1762	0.2338	1.3188
13.3117	0.2796	40.3067	0.2298	1.2907
13.3900	0.2810	40.3359	0.2303	1.3209
13.2987	0.2790	40.2263	0.2312	1.3153
