Metrics: MAE	| NMAE	| RMSE	| MRE	| NPRE
======================================================
UMEAN
Avg:	53.9817	1.1351	110.5071	2.3078	17.9034	
Std:	0.1953	0.0040	0.1850	0.0232	0.1502	
======================================================
IMEAN
Avg:	27.2957	0.5745	66.0734	0.5303	3.1821	
Std:	0.0970	0.0017	0.1982	0.0015	0.0321	
======================================================
UPCC
Avg:	27.2605	0.5732	61.2913	0.6686	8.3317	
Std:	0.2256	0.0046	0.2474	0.0103	0.2143	
======================================================
IPCC
Avg:	27.0176	0.5686	62.9626	0.5946	4.7289	
Std:	0.1508	0.0031	0.1945	0.0030	0.0567	
======================================================
UIPCC
Avg:	26.0365	0.5475	61.1636	0.6386	6.6216	
Std:	0.1709	0.0034	0.2510	0.0083	0.1510	
======================================================

Detailed results for 20 rounds:
======================================================
UMEAN
======================================================
54.0862	1.1353	110.6972	2.3057	17.9409	
54.2041	1.1401	110.5232	2.3328	18.0596	
53.8782	1.1300	110.7838	2.2760	17.8241	
54.0245	1.1372	110.3143	2.3287	17.8925	
53.8845	1.1316	110.6455	2.2886	17.8068	
54.0607	1.1384	110.3919	2.3267	18.0583	
53.6009	1.1294	110.2210	2.2802	17.6841	
53.6685	1.1293	110.3867	2.2693	17.6986	
54.0545	1.1390	110.3506	2.3175	18.0606	
53.9107	1.1347	110.3648	2.3147	17.8736	
54.1084	1.1365	110.7361	2.3171	18.0136	
53.8090	1.1276	110.7024	2.2739	17.7386	
53.7500	1.1327	110.2796	2.3034	17.6889	
54.3324	1.1423	110.5128	2.3585	18.1593	
53.7758	1.1312	110.5062	2.2759	17.7956	
54.0295	1.1365	110.3955	2.3087	17.9380	
54.1254	1.1377	110.6442	2.3211	18.1629	
54.3263	1.1391	110.8992	2.3240	17.9689	
54.0841	1.1383	110.3324	2.3254	17.9726	
53.9204	1.1348	110.4548	2.3072	17.7299	


IMEAN
======================================================
27.3136	0.5741	66.0431	0.5306	3.1562	
27.3549	0.5757	66.0775	0.5320	3.2201	
27.2604	0.5719	66.3145	0.5277	3.1489	
27.1371	0.5715	65.9711	0.5288	3.1486	
27.3898	0.5753	66.2882	0.5316	3.1839	
27.3001	0.5752	65.9052	0.5301	3.2052	
27.2104	0.5737	65.8978	0.5306	3.1957	
27.2987	0.5751	66.1158	0.5309	3.2185	
27.3601	0.5768	65.7781	0.5345	3.2194	
27.2667	0.5742	66.1762	0.5295	3.1569	
27.3996	0.5766	66.2929	0.5299	3.1978	
27.4182	0.5750	66.1443	0.5309	3.2244	
27.1126	0.5719	65.9319	0.5305	3.1258	
27.3160	0.5755	65.8857	0.5316	3.1799	
27.2111	0.5732	66.1701	0.5292	3.1567	
27.2872	0.5750	66.0482	0.5303	3.1718	
27.4101	0.5769	66.3221	0.5287	3.2357	
27.4777	0.5766	66.4986	0.5310	3.1766	
27.2349	0.5736	65.7555	0.5289	3.1942	
27.1551	0.5719	65.8513	0.5279	3.1251	


UPCC
======================================================
27.5472	0.5782	61.2847	0.6789	8.4750	
27.3474	0.5752	61.0509	0.6766	8.5307	
27.0643	0.5676	61.4139	0.6585	8.0865	
26.9169	0.5666	61.0178	0.6614	8.1261	
27.3995	0.5754	61.5128	0.6695	8.4825	
27.1877	0.5725	61.0477	0.6639	8.2073	
26.9648	0.5682	61.1300	0.6507	8.1695	
27.2686	0.5738	61.4090	0.6778	8.3418	
27.4548	0.5785	60.8471	0.6861	8.5362	
27.3589	0.5758	61.4538	0.6570	8.4611	
27.7766	0.5834	61.7347	0.6835	8.7751	
27.0225	0.5663	61.2543	0.6596	8.0067	
27.1686	0.5725	61.4900	0.6536	8.2882	
27.3088	0.5741	61.2454	0.6625	8.4724	
27.1563	0.5712	61.3972	0.6797	8.0861	
27.1129	0.5703	61.3904	0.6686	8.1862	
27.5341	0.5788	61.7165	0.6736	8.5045	
27.5144	0.5769	61.4967	0.6818	8.5723	
27.1530	0.5715	60.8971	0.6666	8.3666	
26.9526	0.5672	61.0362	0.6618	7.9599	


IPCC
======================================================
27.0678	0.5690	62.9388	0.5935	4.7421	
27.1088	0.5705	62.8879	0.5982	4.7914	
26.8998	0.5643	63.2117	0.5875	4.6416	
26.7359	0.5631	62.8130	0.5909	4.6766	
26.9861	0.5668	63.1268	0.5940	4.6742	
26.9992	0.5688	62.7686	0.5948	4.7737	
26.9182	0.5675	62.8913	0.5918	4.6858	
26.9908	0.5686	63.0933	0.5926	4.7114	
27.2413	0.5743	62.7945	0.6015	4.7775	
27.0340	0.5693	63.1472	0.5945	4.7135	
27.3105	0.5747	63.2747	0.5960	4.8393	
27.0288	0.5668	62.9794	0.5946	4.7139	
26.7684	0.5647	62.8452	0.5912	4.6468	
27.1789	0.5726	62.7219	0.5988	4.8215	
26.8929	0.5665	62.9483	0.5943	4.7003	
26.9614	0.5682	62.9115	0.5952	4.6971	
27.1712	0.5719	63.1851	0.5977	4.8022	
27.2209	0.5712	63.3389	0.5962	4.7582	
26.9918	0.5685	62.6554	0.5948	4.7448	
26.8442	0.5654	62.7190	0.5938	4.6652	


UIPCC
======================================================
26.2042	0.5500	61.4213	0.6402	6.3931	
26.0935	0.5488	60.9060	0.6478	6.7671	
25.8627	0.5424	61.2525	0.6292	6.5363	
25.7203	0.5414	60.8875	0.6310	6.5578	
26.0742	0.5476	61.4719	0.6308	6.2755	
25.9926	0.5473	60.8936	0.6354	6.6433	
25.8567	0.5448	61.0177	0.6255	6.5906	
26.0468	0.5481	61.3185	0.6440	6.5950	
26.2108	0.5523	60.7045	0.6548	6.7500	
26.0946	0.5492	61.2635	0.6305	6.7187	
26.4331	0.5552	61.5762	0.6507	6.9051	
25.9541	0.5439	61.1136	0.6351	6.4923	
25.8916	0.5456	61.2367	0.6268	6.5930	
26.1529	0.5498	61.1125	0.6375	6.8015	
25.9523	0.5459	61.3029	0.6461	6.5218	
25.9705	0.5463	61.3188	0.6382	6.5826	
26.2315	0.5514	61.4754	0.6455	6.7865	
26.2373	0.5502	61.3606	0.6491	6.7510	
25.9558	0.5463	60.7446	0.6392	6.7174	
25.7947	0.5429	60.8935	0.6352	6.4523	


